id,prediction
0,-1
1,1
2,-1
3,1
4,1
5,0
6,1
7,-1
8,0
9,-1
10,-1
11,1
12,0
13,1
14,-1
15,1
16,1
17,-1
18,-1
19,1
20,0
21,0
22,0
23,0
24,1
25,1
26,0
27,0
28,0
29,0
30,-1
31,1
32,0
33,0
34,1
35,-1
36,-1
37,1
38,0
39,-1
40,0
41,0
42,1
43,0
44,1
45,1
46,-1
47,-1
48,-1
49,0
50,-1
51,-1
52,1
53,1
54,0
55,-1
56,1
57,-1
58,1
59,-1
60,0
61,-1
62,-1
63,-1
64,0
65,0
66,0
67,1
68,-1
69,0
70,-1
71,1
72,-1
73,1
74,0
75,0
76,0
77,0
78,1
79,-1
80,0
81,1
82,0
83,1
84,-1
85,1
86,0
87,1
88,0
89,-1
90,-1
91,-1
92,-1
93,-1
94,1
95,1
96,1
97,-1
98,0
99,1
100,-1
101,-1
102,1
103,-1
104,0
105,1
106,-1
107,1
108,1
109,0
110,-1
111,0
112,-1
113,-1
114,0
115,-1
116,1
117,0
118,1
119,0
120,0
121,0
122,1
123,1
124,-1
125,0
126,-1
127,1
128,-1
129,0
130,-1
131,0
132,0
133,1
134,1
135,-1
136,-1
137,-1
138,1
139,0
140,-1
141,-1
142,1
143,1
144,-1
145,0
146,1
147,-1
148,1
149,0
150,-1
151,0
152,1
153,0
154,-1
155,-1
156,0
157,0
158,-1
159,1
160,0
161,0
162,0
163,-1
164,0
165,-1
166,0
167,-1
168,-1
169,1
170,0
171,-1
172,0
173,1
174,-1
175,0
176,1
177,1
178,1
179,1
180,1
181,1
182,0
183,-1
184,0
185,0
186,0
187,0
188,0
189,0
190,-1
191,1
192,-1
193,-1
194,0
195,0
196,-1
197,0
198,1
199,1
200,0
201,0
202,1
203,1
204,0
205,1
206,-1
207,0
208,1
209,-1
210,1
211,1
212,1
213,1
214,1
215,1
216,-1
217,0
218,-1
219,0
220,0
221,-1
222,1
223,-1
224,0
225,0
226,0
227,-1
228,1
229,-1
230,0
231,0
232,1
233,0
234,1
235,1
236,1
237,0
238,0
239,0
240,0
241,0
242,1
243,-1
244,-1
245,0
246,-1
247,1
248,-1
249,-1
250,-1
251,0
252,1
253,1
254,1
255,0
256,-1
257,1
258,1
259,0
260,-1
261,0
262,-1
263,0
264,1
265,1
266,-1
267,-1
268,-1
269,1
270,1
271,1
272,1
273,-1
274,0
275,1
276,0
277,1
278,0
279,0
280,-1
281,1
282,1
283,0
284,0
285,0
286,-1
287,0
288,1
289,0
290,1
291,1
292,1
293,1
294,0
295,-1
296,-1
297,-1
298,0
299,0
300,0
301,0
302,-1
303,1
304,0
305,0
306,0
307,0
308,1
309,-1
310,1
311,1
312,0
313,-1
314,0
315,1
316,-1
317,1
318,0
319,0
320,1
321,1
322,0
323,1
324,-1
325,0
326,-1
327,1
328,-1
329,1
330,1
331,-1
332,-1
333,1
334,-1
335,0
336,1
337,-1
338,-1
339,1
340,0
341,1
342,0
343,-1
344,-1
345,1
346,1
347,0
348,1
349,1
350,-1
351,1
352,-1
353,0
354,0
355,0
356,-1
357,1
358,1
359,-1
360,0
361,-1
362,0
363,-1
364,1
365,1
366,1
367,-1
368,1
369,1
370,-1
371,-1
372,-1
373,0
374,0
375,1
376,1
377,-1
378,1
379,1
380,0
381,0
382,1
383,0
384,1
385,0
386,-1
387,1
388,1
389,-1
390,1
391,-1
392,1
393,1
394,1
395,-1
396,0
397,1
398,-1
399,0
400,-1
401,0
402,-1
403,-1
404,-1
405,0
406,0
407,0
408,-1
409,-1
410,0
411,-1
412,0
413,0
414,1
415,-1
416,0
417,0
418,-1
419,1
420,1
421,-1
422,0
423,0
424,-1
425,0
426,-1
427,-1
428,-1
429,-1
430,1
431,1
432,-1
433,1
434,1
435,1
436,-1
437,-1
438,1
439,0
440,-1
441,-1
442,-1
443,0
444,-1
445,0
446,-1
447,-1
448,1
449,0
450,-1
451,-1
452,1
453,-1
454,-1
455,1
456,0
457,-1
458,-1
459,0
460,-1
461,-1
462,-1
463,0
464,0
465,0
466,1
467,1
468,0
469,-1
470,0
471,1
472,-1
473,0
474,0
475,0
476,0
477,0
478,-1
479,0
480,0
481,1
482,0
483,0
484,0
485,-1
486,0
487,-1
488,1
489,-1
490,-1
491,0
492,1
493,1
494,1
495,-1
496,-1
497,0
498,1
499,0
500,0
501,0
502,1
503,1
504,-1
505,0
506,1
507,0
508,-1
509,1
510,0
511,-1
512,-1
513,0
514,-1
515,1
516,-1
517,-1
518,0
519,0
520,-1
521,-1
522,-1
523,0
524,1
525,-1
526,0
527,-1
528,0
529,1
530,-1
531,-1
532,-1
533,-1
534,0
535,0
536,1
537,1
538,-1
539,-1
540,1
541,1
542,-1
543,0
544,1
545,-1
546,1
547,-1
548,-1
549,1
550,-1
551,0
552,-1
553,-1
554,0
555,-1
556,-1
557,-1
558,0
559,0
560,1
561,1
562,1
563,0
564,-1
565,-1
566,1
567,1
568,0
569,0
570,-1
571,1
572,-1
573,0
574,1
575,-1
576,1
577,-1
578,-1
579,0
580,-1
581,0
582,-1
583,-1
584,-1
585,1
586,0
587,0
588,0
589,1
590,1
591,-1
592,1
593,0
594,1
595,1
596,1
597,-1
598,-1
599,0
600,0
601,1
602,-1
603,0
604,-1
605,0
606,-1
607,0
608,1
609,-1
610,0
611,1
612,0
613,1
614,-1
615,0
616,1
617,0
618,0
619,-1
620,1
621,1
622,1
623,1
624,0
625,-1
626,1
627,0
628,-1
629,0
630,-1
631,1
632,1
633,-1
634,1
635,1
636,1
637,0
638,1
639,0
640,1
641,0
642,-1
643,0
644,1
645,1
646,0
647,0
648,-1
649,0
650,0
651,0
652,1
653,-1
654,-1
655,-1
656,-1
657,0
658,0
659,0
660,-1
661,1
662,-1
663,0
664,0
665,0
666,1
667,-1
668,-1
669,1
670,1
671,-1
672,-1
673,1
674,1
675,1
676,0
677,1
678,-1
679,0
680,0
681,-1
682,1
683,0
684,1
685,1
686,0
687,-1
688,0
689,1
690,-1
691,-1
692,-1
693,1
694,1
695,-1
696,-1
697,1
698,0
699,0
700,0
701,1
702,0
703,-1
704,-1
705,0
706,-1
707,1
708,1
709,-1
710,1
711,0
712,-1
713,0
714,1
715,0
716,-1
717,-1
718,1
719,-1
720,0
721,1
722,0
723,1
724,1
725,0
726,-1
727,-1
728,-1
729,-1
730,0
731,0
732,1
733,-1
734,-1
735,-1
736,-1
737,-1
738,0
739,0
740,-1
741,-1
742,1
743,-1
744,0
745,1
746,-1
747,1
748,-1
749,-1
750,1
751,1
752,-1
753,-1
754,0
755,0
756,1
757,1
758,-1
759,-1
760,1
761,1
762,1
763,-1
764,-1
765,1
766,-1
767,0
768,0
769,-1
770,0
771,0
772,0
773,1
774,1
775,-1
776,-1
777,0
778,-1
779,-1
780,0
781,-1
782,0
783,-1
784,0
785,1
786,0
787,-1
788,0
789,-1
790,-1
791,0
792,-1
793,0
794,-1
795,0
796,0
797,0
798,1
799,0
800,1
801,-1
802,-1
803,-1
804,0
805,0
806,-1
807,0
808,1
809,-1
810,-1
811,0
812,1
813,-1
814,1
815,1
816,0
817,1
818,0
819,0
820,1
821,0
822,1
823,1
824,-1
825,0
826,-1
827,1
828,0
829,-1
830,-1
831,0
832,0
833,0
834,1
835,-1
836,-1
837,-1
838,1
839,0
840,1
841,-1
842,1
843,-1
844,1
845,0
846,1
847,0
848,-1
849,-1
850,0
851,0
852,-1
853,1
854,-1
855,0
856,1
857,0
858,0
859,0
860,1
861,0
862,1
863,-1
864,0
865,-1
866,-1
867,-1
868,1
869,0
870,1
871,-1
872,1
873,1
874,-1
875,0
876,0
877,-1
878,1
879,-1
880,0
881,-1
882,0
883,-1
884,0
885,1
886,-1
887,0
888,0
889,1
890,1
891,1
892,0
893,-1
894,-1
895,0
896,-1
897,0
898,1
899,-1
900,1
901,0
902,-1
903,0
904,0
905,0
906,0
907,-1
908,-1
909,-1
910,1
911,-1
912,0
913,0
914,-1
915,0
916,0
917,1
918,1
919,-1
920,1
921,-1
922,0
923,-1
924,-1
925,0
926,-1
927,1
928,0
929,-1
930,-1
931,0
932,0
933,0
934,0
935,-1
936,1
937,1
938,1
939,-1
940,-1
941,-1
942,-1
943,1
944,-1
945,-1
946,1
947,-1
948,0
949,1
950,0
951,0
952,-1
953,-1
954,0
955,1
956,1
957,-1
958,0
959,0
960,-1
961,1
962,0
963,1
964,0
965,1
966,-1
967,-1
968,-1
969,1
970,1
971,-1
972,1
973,-1
974,1
975,-1
976,1
977,0
978,1
979,0
980,-1
981,0
982,0
983,0
984,0
985,0
986,-1
987,-1
988,1
989,1
990,0
991,1
992,-1
993,-1
994,-1
995,-1
996,-1
997,-1
998,-1
999,-1
1000,0
1001,-1
1002,1
1003,1
1004,1
1005,1
1006,-1
1007,1
1008,1
1009,1
1010,0
1011,-1
1012,0
1013,-1
1014,1
1015,1
1016,-1
1017,0
1018,0
1019,0
1020,1
1021,0
1022,0
1023,1
1024,0
1025,0
1026,0
1027,0
1028,1
1029,-1
1030,0
1031,1
1032,1
1033,1
1034,-1
1035,0
1036,1
1037,-1
1038,-1
1039,0
1040,0
1041,1
1042,1
1043,1
1044,0
1045,1
1046,-1
1047,0
1048,0
1049,-1
1050,1
1051,-1
1052,0
1053,1
1054,-1
1055,0
1056,-1
1057,1
1058,0
1059,0
1060,0
1061,1
1062,0
1063,-1
1064,0
1065,-1
1066,0
1067,-1
1068,-1
1069,1
1070,0
1071,1
1072,0
1073,1
1074,-1
1075,0
1076,-1
1077,0
1078,-1
1079,-1
1080,-1
1081,0
1082,-1
1083,0
1084,-1
1085,-1
1086,-1
1087,0
1088,-1
1089,0
1090,-1
1091,1
1092,0
1093,0
1094,0
1095,-1
1096,0
1097,0
1098,-1
1099,0
1100,1
1101,0
1102,0
1103,0
1104,0
1105,1
1106,1
1107,-1
1108,1
1109,1
1110,-1
1111,-1
1112,1
1113,-1
1114,-1
1115,-1
1116,-1
1117,-1
1118,0
1119,0
1120,0
1121,-1
1122,0
1123,0
1124,1
1125,1
1126,-1
1127,0
1128,-1
1129,0
1130,-1
1131,0
1132,1
1133,1
1134,-1
1135,0
1136,0
1137,-1
1138,-1
1139,1
1140,1
1141,1
1142,-1
1143,1
1144,1
1145,-1
1146,0
1147,1
1148,-1
1149,-1
1150,1
1151,0
1152,-1
1153,1
1154,-1
1155,1
1156,-1
1157,1
1158,0
1159,0
1160,0
1161,-1
1162,1
1163,1
1164,-1
1165,1
1166,-1
1167,0
1168,1
1169,1
1170,1
1171,-1
1172,0
1173,-1
1174,1
1175,0
1176,1
1177,-1
1178,1
1179,1
1180,1
1181,0
1182,-1
1183,0
1184,0
1185,1
1186,0
1187,1
1188,1
1189,0
1190,-1
1191,1
1192,0
1193,0
1194,1
1195,-1
1196,1
1197,1
1198,0
1199,-1
1200,1
1201,0
1202,0
1203,-1
1204,1
1205,0
1206,-1
1207,-1
1208,-1
1209,1
1210,0
1211,0
1212,-1
1213,0
1214,-1
1215,-1
1216,0
1217,-1
1218,0
1219,1
1220,0
1221,-1
1222,-1
1223,1
1224,-1
1225,1
1226,1
1227,-1
1228,1
1229,0
1230,0
1231,1
1232,-1
1233,-1
1234,-1
1235,0
1236,-1
1237,-1
1238,1
1239,1
1240,0
1241,1
1242,1
1243,-1
1244,-1
1245,0
1246,1
1247,0
1248,-1
1249,1
1250,-1
1251,-1
1252,-1
1253,-1
1254,-1
1255,-1
1256,0
1257,0
1258,0
1259,-1
1260,-1
1261,0
1262,1
1263,-1
1264,-1
1265,0
1266,-1
1267,1
1268,0
1269,-1
1270,-1
1271,1
1272,0
1273,1
1274,-1
1275,0
1276,0
1277,1
1278,0
1279,0
1280,1
1281,-1
1282,1
1283,-1
1284,0
1285,0
1286,-1
1287,-1
1288,-1
1289,-1
1290,-1
1291,0
1292,-1
1293,-1
1294,-1
1295,0
1296,-1
1297,-1
1298,-1
1299,0
1300,0
1301,-1
1302,-1
1303,1
1304,0
1305,-1
1306,1
1307,1
1308,1
1309,1
1310,0
1311,-1
1312,-1
1313,0
1314,0
1315,-1
1316,0
1317,-1
1318,-1
1319,1
1320,-1
1321,1
1322,1
1323,-1
1324,-1
1325,-1
1326,-1
1327,1
1328,-1
1329,1
1330,1
1331,0
1332,0
1333,-1
1334,-1
1335,0
1336,1
1337,-1
1338,0
1339,-1
1340,1
1341,-1
1342,1
1343,0
1344,1
1345,-1
1346,1
1347,1
1348,1
1349,-1
1350,1
1351,0
1352,1
1353,-1
1354,0
1355,-1
1356,0
1357,1
1358,-1
1359,0
1360,1
1361,1
1362,0
1363,1
1364,-1
1365,0
1366,0
1367,-1
1368,-1
1369,-1
1370,0
1371,0
1372,1
1373,-1
1374,-1
1375,-1
1376,0
1377,1
1378,0
1379,1
1380,1
1381,1
1382,-1
1383,1
1384,1
1385,0
1386,-1
1387,1
1388,-1
1389,-1
1390,0
1391,0
1392,1
1393,-1
1394,-1
1395,-1
1396,1
1397,-1
1398,0
1399,-1
1400,-1
1401,-1
1402,1
1403,0
1404,-1
1405,1
1406,1
1407,0
1408,0
1409,0
1410,0
1411,-1
1412,1
1413,0
1414,1
1415,-1
1416,1
1417,0
1418,0
1419,-1
1420,0
1421,0
1422,0
1423,0
1424,-1
1425,0
1426,-1
1427,-1
1428,1
1429,1
1430,1
1431,0
1432,-1
1433,-1
1434,-1
1435,1
1436,0
1437,-1
1438,-1
1439,1
1440,0
1441,-1
1442,-1
1443,-1
1444,0
1445,1
1446,0
1447,1
1448,-1
1449,0
1450,-1
1451,-1
1452,-1
1453,-1
1454,1
1455,-1
1456,0
1457,-1
1458,1
1459,1
1460,-1
1461,1
1462,0
1463,-1
1464,0
1465,-1
1466,-1
1467,1
1468,-1
1469,-1
1470,0
1471,0
1472,-1
1473,1
1474,1
1475,1
1476,-1
1477,1
1478,-1
1479,1
1480,-1
1481,0
1482,-1
1483,-1
1484,-1
1485,-1
1486,-1
1487,1
1488,-1
1489,0
1490,1
1491,0
1492,-1
1493,-1
1494,-1
1495,-1
1496,1
1497,1
1498,-1
1499,0
1500,-1
1501,0
1502,-1
1503,0
1504,0
1505,-1
1506,-1
1507,0
1508,1
1509,-1
1510,-1
1511,-1
1512,1
1513,0
1514,1
1515,0
1516,1
1517,-1
1518,0
1519,0
1520,0
1521,1
1522,0
1523,1
1524,0
1525,1
1526,1
1527,1
1528,1
1529,-1
1530,1
1531,1
1532,0
1533,-1
1534,-1
1535,1
1536,1
1537,-1
1538,-1
1539,0
1540,1
1541,-1
1542,-1
1543,1
1544,1
1545,0
1546,-1
1547,-1
1548,1
1549,0
1550,0
1551,-1
1552,-1
1553,-1
1554,-1
1555,1
1556,0
1557,0
1558,-1
1559,0
1560,1
1561,0
1562,-1
1563,1
1564,1
1565,0
1566,1
1567,0
1568,0
1569,-1
1570,0
1571,0
1572,-1
1573,0
1574,-1
1575,1
1576,1
1577,1
1578,0
1579,0
1580,0
1581,1
1582,0
1583,-1
1584,-1
1585,1
1586,1
1587,-1
1588,0
1589,-1
1590,-1
1591,-1
1592,-1
1593,-1
1594,-1
1595,-1
1596,1
1597,1
1598,1
1599,0
1600,-1
1601,1
1602,1
1603,-1
1604,0
1605,0
1606,1
1607,1
1608,-1
1609,-1
1610,1
1611,-1
1612,0
1613,1
1614,-1
1615,-1
1616,1
1617,-1
1618,0
1619,-1
1620,-1
1621,0
1622,-1
1623,1
1624,0
1625,-1
1626,1
1627,-1
1628,0
1629,-1
1630,1
1631,-1
1632,0
1633,1
1634,-1
1635,0
1636,0
1637,-1
1638,0
1639,1
1640,-1
1641,1
1642,-1
1643,1
1644,-1
1645,0
1646,0
1647,-1
1648,-1
1649,-1
1650,-1
1651,1
1652,1
1653,0
1654,0
1655,0
1656,0
1657,1
1658,-1
1659,1
1660,0
1661,1
1662,1
1663,0
1664,1
1665,0
1666,1
1667,0
1668,0
1669,1
1670,1
1671,-1
1672,0
1673,1
1674,0
1675,0
1676,-1
1677,1
1678,1
1679,1
1680,-1
1681,0
1682,1
1683,1
1684,1
1685,-1
1686,0
1687,1
1688,1
1689,0
1690,-1
1691,-1
1692,0
1693,1
1694,1
1695,-1
1696,0
1697,1
1698,-1
1699,-1
1700,-1
1701,0
1702,-1
1703,-1
1704,0
1705,0
1706,1
1707,-1
1708,-1
1709,1
1710,0
1711,1
1712,-1
1713,-1
1714,1
1715,0
1716,1
1717,0
1718,-1
1719,-1
1720,1
1721,1
1722,0
1723,0
1724,1
1725,1
1726,-1
1727,-1
1728,-1
1729,-1
1730,1
1731,0
1732,-1
1733,1
1734,0
1735,-1
1736,1
1737,-1
1738,0
1739,0
1740,0
1741,1
1742,1
1743,1
1744,-1
1745,0
1746,1
1747,-1
1748,-1
1749,0
1750,-1
1751,-1
1752,1
1753,0
1754,1
1755,-1
1756,1
1757,1
1758,0
1759,-1
1760,-1
1761,0
1762,0
1763,1
1764,1
1765,-1
1766,1
1767,0
1768,1
1769,0
1770,1
1771,-1
1772,-1
1773,1
1774,1
1775,-1
1776,-1
1777,-1
1778,1
1779,0
1780,-1
1781,-1
1782,1
1783,1
1784,0
1785,-1
1786,0
1787,1
1788,1
1789,-1
1790,0
1791,1
1792,1
1793,-1
1794,-1
1795,1
1796,-1
1797,-1
1798,0
1799,-1
1800,1
1801,0
1802,1
1803,1
1804,-1
1805,0
1806,1
1807,1
1808,1
1809,-1
1810,1
1811,1
1812,-1
1813,1
1814,0
1815,0
1816,-1
1817,1
1818,0
1819,0
1820,1
1821,0
1822,0
1823,0
1824,1
1825,-1
1826,1
1827,1
1828,0
1829,0
1830,0
1831,-1
1832,-1
1833,0
1834,0
1835,1
1836,0
1837,1
1838,1
1839,-1
1840,-1
1841,-1
1842,0
1843,-1
1844,0
1845,-1
1846,-1
1847,-1
1848,0
1849,-1
1850,1
1851,0
1852,0
1853,0
1854,-1
1855,0
1856,0
1857,1
1858,-1
1859,0
1860,0
1861,-1
1862,1
1863,-1
1864,1
1865,-1
1866,1
1867,-1
1868,1
1869,1
1870,0
1871,1
1872,1
1873,-1
1874,0
1875,-1
1876,-1
1877,0
1878,-1
1879,-1
1880,-1
1881,1
1882,-1
1883,-1
1884,-1
1885,1
1886,0
1887,-1
1888,1
1889,0
1890,1
1891,0
1892,1
1893,0
1894,0
1895,0
1896,-1
1897,1
1898,1
1899,-1
1900,-1
1901,1
1902,0
1903,0
1904,-1
1905,-1
1906,0
1907,-1
1908,1
1909,-1
1910,1
1911,0
1912,0
1913,1
1914,0
1915,-1
1916,1
1917,0
1918,-1
1919,-1
1920,-1
1921,0
1922,-1
1923,-1
1924,-1
1925,-1
1926,0
1927,-1
1928,-1
1929,-1
1930,1
1931,0
1932,1
1933,0
1934,-1
1935,1
1936,1
1937,-1
1938,-1
1939,1
1940,0
1941,0
1942,1
1943,-1
1944,1
1945,-1
1946,0
1947,-1
1948,-1
1949,0
1950,0
1951,0
1952,1
1953,1
1954,-1
1955,0
1956,-1
1957,-1
1958,1
1959,0
1960,0
1961,-1
1962,1
1963,1
1964,0
1965,-1
1966,0
1967,-1
1968,0
1969,0
1970,1
1971,-1
1972,-1
1973,1
1974,0
1975,1
1976,-1
1977,1
1978,1
1979,1
1980,0
1981,-1
1982,0
1983,1
1984,1
1985,0
1986,-1
1987,-1
1988,-1
1989,-1
1990,1
1991,1
1992,1
1993,-1
1994,-1
1995,0
1996,0
1997,0
1998,1
1999,0
2000,-1
2001,1
2002,-1
2003,0
2004,0
2005,0
2006,-1
2007,1
2008,1
2009,-1
2010,1
2011,-1
2012,0
2013,1
2014,0
2015,1
2016,0
2017,-1
2018,-1
2019,1
2020,-1
2021,1
2022,1
2023,1
2024,-1
2025,-1
2026,1
2027,-1
2028,-1
2029,1
2030,1
2031,1
2032,0
2033,-1
2034,-1
2035,1
2036,1
2037,1
2038,0
2039,-1
2040,0
2041,-1
2042,1
2043,1
2044,1
2045,1
2046,-1
2047,-1
2048,0
2049,-1
2050,1
2051,-1
2052,-1
2053,1
2054,0
2055,1
2056,1
2057,0
2058,0
2059,-1
2060,-1
2061,-1
2062,-1
2063,-1
2064,0
2065,-1
2066,0
2067,-1
2068,0
2069,1
2070,0
2071,-1
2072,1
2073,-1
2074,0
2075,-1
2076,-1
2077,1
2078,0
2079,1
2080,0
2081,-1
2082,1
2083,0
2084,1
2085,-1
2086,-1
2087,-1
2088,0
2089,0
2090,-1
2091,1
2092,-1
2093,1
2094,1
2095,1
2096,1
2097,-1
2098,0
2099,1
2100,1
2101,-1
2102,0
2103,1
2104,0
2105,-1
2106,-1
2107,0
2108,0
2109,0
2110,-1
2111,0
2112,0
2113,-1
2114,1
2115,1
2116,1
2117,1
2118,-1
2119,1
2120,0
2121,-1
2122,1
2123,1
2124,1
2125,-1
2126,0
2127,0
2128,-1
2129,0
2130,-1
2131,0
2132,0
2133,1
2134,0
2135,0
2136,0
2137,0
2138,-1
2139,0
2140,0
2141,1
2142,0
2143,-1
2144,-1
2145,1
2146,0
2147,1
2148,0
2149,1
2150,0
2151,-1
2152,-1
2153,-1
2154,1
2155,1
2156,1
2157,0
2158,-1
2159,0
2160,-1
2161,0
2162,0
2163,-1
2164,-1
2165,-1
2166,0
2167,0
2168,-1
2169,-1
2170,1
2171,-1
2172,0
2173,0
2174,-1
2175,-1
2176,-1
2177,-1
2178,1
2179,0
2180,-1
2181,0
2182,-1
2183,0
2184,0
2185,1
2186,-1
2187,0
2188,0
2189,0
2190,1
2191,1
2192,0
2193,-1
2194,0
2195,1
2196,1
2197,-1
2198,-1
2199,0
2200,0
2201,1
2202,1
2203,0
2204,0
2205,-1
2206,-1
2207,-1
2208,-1
2209,-1
2210,1
2211,-1
2212,1
2213,1
2214,-1
2215,-1
2216,-1
2217,-1
2218,0
2219,-1
2220,1
2221,-1
2222,0
2223,-1
2224,1
2225,-1
2226,0
2227,-1
2228,-1
2229,1
2230,-1
2231,0
2232,-1
2233,1
2234,0
2235,0
2236,0
2237,0
2238,-1
2239,0
2240,0
2241,-1
2242,1
2243,-1
2244,-1
2245,0
2246,0
2247,1
2248,0
2249,0
2250,0
2251,0
2252,-1
2253,0
2254,0
2255,1
2256,1
2257,-1
2258,-1
2259,-1
2260,0
2261,1
2262,0
2263,1
2264,-1
2265,0
2266,0
2267,-1
2268,0
2269,-1
2270,0
2271,0
2272,-1
2273,-1
2274,-1
2275,1
2276,0
2277,0
2278,-1
2279,-1
2280,1
2281,0
2282,-1
2283,-1
2284,-1
2285,1
2286,-1
2287,1
2288,0
2289,1
2290,1
2291,1
2292,-1
2293,0
2294,0
2295,-1
2296,-1
2297,-1
2298,0
2299,1
2300,-1
2301,0
2302,0
2303,-1
2304,-1
2305,-1
2306,0
2307,0
2308,0
2309,-1
2310,-1
2311,0
2312,0
2313,-1
2314,0
2315,1
2316,-1
2317,-1
2318,-1
2319,-1
2320,-1
2321,-1
2322,0
2323,-1
2324,0
2325,0
2326,1
2327,-1
2328,-1
2329,1
2330,-1
2331,-1
2332,-1
2333,1
2334,-1
2335,0
2336,1
2337,1
2338,1
2339,1
2340,-1
2341,0
2342,1
2343,-1
2344,0
2345,-1
2346,-1
2347,0
2348,1
2349,-1
2350,1
2351,1
2352,1
2353,-1
2354,-1
2355,-1
2356,0
2357,-1
2358,0
2359,1
2360,-1
2361,0
2362,1
2363,-1
2364,-1
2365,0
2366,-1
2367,1
2368,-1
2369,0
2370,-1
2371,0
2372,0
2373,-1
2374,0
2375,0
2376,0
2377,1
2378,1
2379,1
2380,-1
2381,1
2382,0
2383,1
2384,1
2385,0
2386,-1
2387,1
2388,-1
2389,1
2390,-1
2391,-1
2392,0
2393,-1
2394,1
2395,1
2396,-1
2397,-1
2398,-1
2399,-1
2400,0
2401,1
2402,1
2403,0
2404,0
2405,1
2406,0
2407,0
2408,-1
2409,-1
2410,0
2411,0
2412,0
2413,-1
2414,1
2415,-1
2416,-1
2417,-1
2418,0
2419,1
2420,-1
2421,-1
2422,-1
2423,-1
2424,1
2425,-1
2426,-1
2427,-1
2428,0
2429,1
2430,1
2431,-1
2432,1
2433,0
2434,0
2435,0
2436,0
2437,0
2438,-1
2439,1
2440,-1
2441,1
2442,1
2443,1
2444,0
2445,0
2446,0
2447,-1
2448,1
2449,-1
2450,0
2451,0
2452,-1
2453,1
2454,0
2455,1
2456,1
2457,1
2458,0
2459,0
2460,1
2461,1
2462,0
2463,0
2464,0
2465,0
2466,-1
2467,0
2468,0
2469,-1
2470,0
2471,1
2472,0
2473,1
2474,0
2475,1
2476,-1
2477,0
2478,-1
2479,0
2480,1
2481,-1
2482,0
2483,1
2484,0
2485,1
2486,1
2487,-1
2488,-1
2489,-1
2490,-1
2491,0
2492,-1
2493,-1
2494,-1
2495,1
2496,1
2497,-1
2498,-1
2499,1
2500,1
2501,0
2502,1
2503,-1
2504,0
2505,1
2506,0
2507,0
2508,0
2509,1
2510,-1
2511,0
2512,0
2513,0
2514,-1
2515,-1
2516,1
2517,1
2518,1
2519,0
2520,0
2521,1
2522,0
2523,0
2524,0
2525,0
2526,1
2527,0
2528,-1
2529,-1
2530,0
2531,-1
2532,1
2533,-1
2534,0
2535,-1
2536,1
2537,0
2538,1
2539,1
2540,-1
2541,-1
2542,0
2543,-1
2544,0
2545,-1
2546,-1
2547,1
2548,-1
2549,1
2550,-1
2551,0
2552,-1
2553,0
2554,1
2555,1
2556,1
2557,0
2558,0
2559,-1
2560,0
2561,-1
2562,-1
2563,-1
2564,0
2565,1
2566,0
2567,0
2568,0
2569,1
2570,1
2571,1
2572,0
2573,0
2574,1
2575,-1
2576,-1
2577,-1
2578,-1
2579,1
2580,1
2581,-1
2582,-1
2583,1
2584,-1
2585,0
2586,-1
2587,1
2588,-1
2589,1
2590,0
2591,-1
2592,0
2593,1
2594,0
2595,-1
2596,0
2597,1
2598,0
2599,0
2600,1
2601,0
2602,1
2603,1
2604,1
2605,0
2606,1
2607,1
2608,0
2609,0
2610,1
2611,1
2612,-1
2613,1
2614,0
2615,0
2616,0
2617,0
2618,0
2619,1
2620,-1
2621,-1
2622,-1
2623,0
2624,1
2625,0
2626,1
2627,-1
2628,-1
2629,-1
2630,-1
2631,1
2632,1
2633,-1
2634,0
2635,1
2636,1
2637,0
2638,0
2639,1
2640,-1
2641,-1
2642,-1
2643,1
2644,1
2645,-1
2646,0
2647,1
2648,0
2649,0
2650,1
2651,0
2652,-1
2653,1
2654,-1
2655,-1
2656,0
2657,1
2658,-1
2659,1
2660,-1
2661,0
2662,0
2663,1
2664,0
2665,0
2666,1
2667,1
2668,1
2669,1
2670,0
2671,0
2672,1
2673,-1
2674,-1
2675,-1
2676,-1
2677,-1
2678,0
2679,0
2680,-1
2681,-1
2682,0
2683,0
2684,1
2685,0
2686,-1
2687,-1
2688,1
2689,-1
2690,-1
2691,0
2692,1
2693,0
2694,1
2695,1
2696,-1
2697,-1
2698,0
2699,0
2700,1
2701,1
2702,0
2703,1
2704,-1
2705,1
2706,1
2707,0
2708,1
2709,0
2710,-1
2711,1
2712,-1
2713,0
2714,0
2715,1
2716,-1
2717,-1
2718,1
2719,1
2720,-1
2721,0
2722,1
2723,-1
2724,1
2725,-1
2726,1
2727,0
2728,0
2729,1
2730,0
2731,-1
2732,1
2733,-1
2734,-1
2735,1
2736,1
2737,1
2738,0
2739,1
2740,1
2741,0
2742,-1
2743,-1
2744,-1
2745,0
2746,0
2747,-1
2748,0
2749,1
2750,-1
2751,0
2752,0
2753,-1
2754,-1
2755,1
2756,0
2757,1
2758,-1
2759,1
2760,-1
2761,0
2762,1
2763,-1
2764,1
2765,0
2766,0
2767,0
2768,-1
2769,1
2770,1
2771,1
2772,0
2773,1
2774,0
2775,1
2776,0
2777,-1
2778,1
2779,0
2780,1
2781,0
2782,-1
2783,-1
2784,-1
2785,0
2786,1
2787,0
2788,0
2789,0
2790,1
2791,1
2792,-1
2793,1
2794,1
2795,1
2796,0
2797,0
2798,0
2799,0
2800,1
2801,0
2802,-1
2803,-1
2804,1
2805,-1
2806,-1
2807,-1
2808,1
2809,1
2810,-1
2811,-1
2812,1
2813,1
2814,-1
2815,0
2816,1
2817,1
2818,1
2819,-1
2820,0
2821,-1
2822,1
2823,1
2824,0
2825,0
2826,-1
2827,1
2828,-1
2829,1
2830,-1
2831,0
2832,1
2833,-1
2834,0
2835,0
2836,1
2837,0
2838,1
2839,1
2840,1
2841,1
2842,1
2843,0
2844,-1
2845,1
2846,1
2847,0
2848,-1
2849,0
2850,0
2851,-1
2852,1
2853,0
2854,0
2855,-1
2856,-1
2857,0
2858,0
2859,-1
2860,1
2861,-1
2862,-1
2863,1
2864,1
2865,0
2866,-1
2867,-1
2868,-1
2869,1
2870,1
2871,-1
2872,1
2873,1
2874,0
2875,1
2876,-1
2877,0
2878,1
2879,-1
2880,1
2881,1
2882,1
2883,0
2884,1
2885,-1
2886,-1
2887,1
2888,1
2889,-1
2890,0
2891,0
2892,0
2893,-1
2894,0
2895,-1
2896,-1
2897,-1
2898,0
2899,-1
2900,0
2901,-1
2902,0
2903,1
2904,0
2905,0
2906,-1
2907,1
2908,1
2909,1
2910,-1
2911,1
2912,1
2913,-1
2914,1
2915,-1
2916,-1
2917,1
2918,-1
2919,-1
2920,1
2921,-1
2922,0
2923,0
2924,-1
2925,-1
2926,1
2927,0
2928,0
2929,1
2930,-1
2931,1
2932,-1
2933,-1
2934,0
2935,-1
2936,1
2937,0
2938,1
2939,0
2940,1
2941,-1
2942,1
2943,0
2944,1
2945,0
2946,0
2947,0
2948,0
2949,1
2950,0
2951,-1
2952,1
2953,1
2954,1
2955,0
2956,0
2957,1
2958,1
2959,0
2960,-1
2961,1
2962,0
2963,1
2964,-1
2965,-1
2966,-1
2967,-1
2968,0
2969,-1
2970,0
2971,1
2972,-1
2973,1
2974,1
2975,0
2976,1
2977,0
2978,1
2979,-1
2980,0
2981,0
2982,1
2983,-1
2984,-1
2985,0
2986,1
2987,1
2988,1
2989,0
2990,0
2991,1
2992,-1
2993,1
2994,1
2995,-1
2996,-1
2997,0
2998,0
2999,-1
3000,-1
3001,1
3002,-1
3003,-1
3004,-1
3005,0
3006,0
3007,-1
3008,0
3009,1
3010,-1
3011,1
3012,-1
3013,1
3014,1
3015,0
3016,-1
3017,1
3018,0
3019,-1
3020,-1
3021,0
3022,-1
3023,0
3024,1
3025,0
3026,0
3027,1
3028,1
3029,0
3030,1
3031,0
3032,-1
3033,1
3034,-1
3035,1
3036,1
3037,-1
3038,0
3039,-1
3040,1
3041,1
3042,1
3043,0
3044,1
3045,0
3046,1
3047,-1
3048,0
3049,1
3050,-1
3051,-1
3052,1
3053,1
3054,-1
3055,1
3056,0
3057,1
3058,-1
3059,0
3060,-1
3061,0
3062,-1
3063,0
3064,1
3065,-1
3066,1
3067,1
3068,0
3069,0
3070,1
3071,0
3072,-1
3073,0
3074,0
3075,1
3076,1
3077,-1
3078,-1
3079,-1
3080,0
3081,1
3082,0
3083,1
3084,0
3085,1
3086,-1
3087,1
3088,1
3089,0
3090,-1
3091,1
3092,1
3093,1
3094,0
3095,1
3096,-1
3097,1
3098,0
3099,-1
3100,-1
3101,1
3102,0
3103,1
3104,-1
3105,-1
3106,-1
3107,-1
3108,0
3109,0
3110,1
3111,-1
3112,-1
3113,0
3114,-1
3115,0
3116,0
3117,-1
3118,-1
3119,0
3120,-1
3121,1
3122,-1
3123,1
3124,1
3125,1
3126,1
3127,-1
3128,1
3129,-1
3130,0
3131,1
3132,-1
3133,-1
3134,1
3135,1
3136,1
3137,-1
3138,1
3139,-1
3140,0
3141,-1
3142,0
3143,1
3144,1
3145,-1
3146,0
3147,0
3148,-1
3149,1
3150,-1
3151,0
3152,1
3153,-1
3154,0
3155,-1
3156,1
3157,-1
3158,0
3159,1
3160,1
3161,1
3162,-1
3163,-1
3164,1
3165,0
3166,0
3167,-1
3168,1
3169,1
3170,-1
3171,0
3172,0
3173,1
3174,1
3175,0
3176,0
3177,1
3178,0
3179,0
3180,1
3181,1
3182,-1
3183,1
3184,0
3185,0
3186,-1
3187,0
3188,1
3189,-1
3190,0
3191,0
3192,-1
3193,0
3194,0
3195,-1
3196,-1
3197,-1
3198,0
3199,1
3200,0
3201,0
3202,-1
3203,0
3204,0
3205,1
3206,0
3207,-1
3208,0
3209,0
3210,1
3211,0
3212,1
3213,1
3214,0
3215,-1
3216,0
3217,1
3218,1
3219,1
3220,-1
3221,-1
3222,1
3223,-1
3224,0
3225,0
3226,0
3227,1
3228,0
3229,1
3230,0
3231,1
3232,-1
3233,0
3234,0
3235,1
3236,0
3237,-1
3238,0
3239,-1
3240,1
3241,-1
3242,-1
3243,0
3244,0
3245,-1
3246,-1
3247,-1
3248,0
3249,1
3250,-1
3251,-1
3252,0
3253,0
3254,-1
3255,0
3256,-1
3257,1
3258,-1
3259,0
3260,-1
3261,-1
3262,0
3263,1
3264,0
3265,0
3266,1
3267,1
3268,1
3269,0
3270,0
3271,-1
3272,0
3273,-1
3274,1
3275,1
3276,0
3277,0
3278,1
3279,0
3280,1
3281,0
3282,0
3283,1
3284,0
3285,0
3286,0
3287,-1
3288,-1
3289,0
3290,-1
3291,0
3292,-1
3293,-1
3294,0
3295,1
3296,1
3297,-1
3298,0
3299,-1
3300,0
3301,0
3302,-1
3303,0
3304,1
3305,1
3306,0
3307,0
3308,0
3309,-1
3310,-1
3311,0
3312,0
3313,1
3314,0
3315,0
3316,1
3317,0
3318,-1
3319,0
3320,1
3321,1
3322,0
3323,1
3324,-1
3325,-1
3326,-1
3327,1
3328,1
3329,1
3330,-1
3331,-1
3332,1
3333,0
3334,1
3335,0
3336,1
3337,1
3338,1
3339,-1
3340,-1
3341,1
3342,0
3343,0
3344,0
3345,1
3346,0
3347,1
3348,1
3349,-1
3350,0
3351,-1
3352,1
3353,0
3354,1
3355,-1
3356,1
3357,0
3358,1
3359,1
3360,0
3361,0
3362,-1
3363,0
3364,1
3365,1
3366,-1
3367,0
3368,1
3369,1
3370,1
3371,0
3372,-1
3373,0
3374,1
3375,1
3376,1
3377,-1
3378,1
3379,-1
3380,0
3381,0
3382,1
3383,0
3384,-1
3385,-1
3386,1
3387,-1
3388,-1
3389,1
3390,-1
3391,1
3392,-1
3393,0
3394,0
3395,-1
3396,-1
3397,0
3398,1
3399,1
3400,-1
3401,-1
3402,1
3403,-1
3404,0
3405,0
3406,0
3407,0
3408,-1
3409,1
3410,0
3411,0
3412,-1
3413,1
3414,-1
3415,-1
3416,-1
3417,-1
3418,1
3419,0
3420,-1
3421,-1
3422,0
3423,-1
3424,1
3425,1
3426,-1
3427,1
3428,0
3429,-1
3430,1
3431,0
3432,1
3433,1
3434,-1
3435,0
3436,0
3437,0
3438,1
3439,0
3440,0
3441,1
3442,-1
3443,1
3444,0
3445,0
3446,1
3447,1
3448,-1
3449,0
3450,0
3451,0
3452,-1
3453,-1
3454,-1
3455,0
3456,1
3457,1
3458,1
3459,0
3460,0
3461,0
3462,-1
3463,-1
3464,0
3465,-1
3466,1
3467,-1
3468,1
3469,-1
3470,-1
3471,1
3472,0
3473,-1
3474,1
3475,-1
3476,1
3477,1
3478,0
3479,-1
3480,1
3481,1
3482,1
3483,0
3484,-1
3485,1
3486,0
3487,-1
3488,-1
3489,-1
3490,0
3491,1
3492,1
3493,-1
3494,0
3495,1
3496,1
3497,0
3498,0
3499,1
3500,1
3501,1
3502,0
3503,1
3504,0
3505,0
3506,1
3507,1
3508,-1
3509,0
3510,-1
3511,1
3512,-1
3513,0
3514,-1
3515,-1
3516,1
3517,0
3518,1
3519,1
3520,-1
3521,0
3522,-1
3523,-1
3524,-1
3525,0
3526,-1
3527,1
3528,-1
3529,-1
3530,1
3531,0
3532,0
3533,1
3534,1
3535,1
3536,-1
3537,0
3538,1
3539,1
3540,1
3541,1
3542,0
3543,-1
3544,0
3545,0
3546,-1
3547,-1
3548,-1
3549,0
3550,0
3551,-1
3552,0
3553,1
3554,0
3555,-1
3556,-1
3557,0
3558,1
3559,0
3560,-1
3561,1
3562,1
3563,0
3564,1
3565,0
3566,0
3567,-1
3568,1
3569,0
3570,0
3571,1
3572,1
3573,1
3574,-1
3575,-1
3576,-1
3577,0
3578,0
3579,0
3580,0
3581,0
3582,0
3583,0
3584,1
3585,1
3586,1
3587,0
3588,-1
3589,1
3590,1
3591,1
3592,1
3593,1
3594,0
3595,0
3596,0
3597,0
3598,0
3599,-1
3600,-1
3601,0
3602,1
3603,-1
3604,0
3605,0
3606,-1
3607,0
3608,1
3609,0
3610,1
3611,1
3612,0
3613,-1
3614,0
3615,1
3616,0
3617,-1
3618,0
3619,-1
3620,0
3621,1
3622,0
3623,-1
3624,-1
3625,0
3626,1
3627,-1
3628,1
3629,1
3630,0
3631,-1
3632,-1
3633,-1
3634,0
3635,0
3636,-1
3637,1
3638,1
3639,0
3640,0
3641,1
3642,1
3643,0
3644,1
3645,-1
3646,-1
3647,1
3648,-1
3649,-1
3650,0
3651,0
3652,-1
3653,-1
3654,0
3655,-1
3656,-1
3657,-1
3658,0
3659,0
3660,-1
3661,-1
3662,1
3663,-1
3664,-1
3665,0
3666,-1
3667,-1
3668,-1
3669,1
3670,1
3671,1
3672,0
3673,-1
3674,-1
3675,0
3676,-1
3677,0
3678,-1
3679,-1
3680,0
3681,1
3682,0
3683,-1
3684,-1
3685,-1
3686,1
3687,-1
3688,1
3689,1
3690,0
3691,-1
3692,-1
3693,1
3694,1
3695,0
3696,0
3697,0
3698,0
3699,-1
3700,1
3701,-1
3702,0
3703,0
3704,-1
3705,-1
3706,-1
3707,0
3708,1
3709,1
3710,0
3711,1
3712,-1
3713,0
3714,-1
3715,1
3716,-1
3717,0
3718,-1
3719,1
3720,-1
3721,1
3722,-1
3723,0
3724,-1
3725,-1
3726,0
3727,1
3728,0
3729,-1
3730,-1
3731,1
3732,0
3733,-1
3734,-1
3735,1
3736,-1
3737,-1
3738,-1
3739,-1
3740,-1
3741,0
3742,0
3743,1
3744,-1
3745,-1
3746,1
3747,1
3748,1
3749,0
3750,0
3751,0
3752,1
3753,1
3754,1
3755,0
3756,-1
3757,1
3758,1
3759,-1
3760,0
3761,1
3762,0
3763,-1
3764,1
3765,-1
3766,1
3767,0
3768,1
3769,1
3770,1
3771,0
3772,1
3773,0
3774,1
3775,0
3776,-1
3777,-1
3778,-1
3779,-1
3780,1
3781,-1
3782,-1
3783,0
3784,0
3785,1
3786,0
3787,1
3788,1
3789,0
3790,-1
3791,-1
3792,0
3793,1
3794,-1
3795,0
3796,-1
3797,0
3798,0
3799,-1
3800,0
3801,-1
3802,-1
3803,0
3804,-1
3805,1
3806,1
3807,-1
3808,0
3809,0
3810,-1
3811,-1
3812,-1
3813,-1
3814,-1
3815,-1
3816,-1
3817,1
3818,-1
3819,1
3820,0
3821,-1
3822,1
3823,-1
3824,0
3825,0
3826,-1
3827,-1
3828,-1
3829,1
3830,-1
3831,0
3832,-1
3833,0
3834,1
3835,-1
3836,-1
3837,0
3838,-1
3839,0
3840,-1
3841,1
3842,1
3843,1
3844,-1
3845,1
3846,0
3847,1
3848,-1
3849,1
3850,-1
3851,-1
3852,1
3853,0
3854,-1
3855,-1
3856,1
3857,-1
3858,-1
3859,0
3860,-1
3861,1
3862,0
3863,-1
3864,-1
3865,-1
3866,0
3867,-1
3868,1
3869,0
3870,1
3871,1
3872,1
3873,0
3874,-1
3875,-1
3876,0
3877,-1
3878,1
3879,0
3880,0
3881,-1
3882,0
3883,0
3884,-1
3885,0
3886,1
3887,1
3888,1
3889,1
3890,1
3891,0
3892,0
3893,1
3894,0
3895,0
3896,0
3897,-1
3898,-1
3899,-1
3900,-1
3901,-1
3902,1
3903,-1
3904,-1
3905,0
3906,-1
3907,0
3908,1
3909,0
3910,-1
3911,1
3912,1
3913,-1
3914,1
3915,1
3916,-1
3917,-1
3918,0
3919,0
3920,-1
3921,0
3922,-1
3923,-1
3924,0
3925,0
3926,0
3927,1
3928,1
3929,1
3930,0
3931,0
3932,-1
3933,0
3934,-1
3935,-1
3936,0
3937,1
3938,1
3939,0
3940,-1
3941,1
3942,0
3943,-1
3944,-1
3945,1
3946,1
3947,0
3948,0
3949,-1
3950,-1
3951,-1
3952,0
3953,0
3954,-1
3955,0
3956,0
3957,-1
3958,0
3959,1
3960,-1
3961,1
3962,0
3963,0
3964,-1
3965,1
3966,-1
3967,0
3968,-1
3969,1
3970,0
3971,-1
3972,1
3973,0
3974,-1
3975,1
3976,0
3977,0
3978,0
3979,-1
3980,0
3981,-1
3982,0
3983,1
3984,-1
3985,0
3986,-1
3987,1
3988,0
3989,-1
3990,1
3991,-1
3992,0
3993,-1
3994,1
3995,-1
3996,0
3997,1
3998,0
3999,-1
4000,-1
4001,-1
4002,1
4003,-1
4004,1
4005,0
4006,0
4007,1
4008,0
4009,0
4010,0
4011,0
4012,-1
4013,-1
4014,-1
4015,0
4016,1
4017,-1
4018,-1
4019,-1
4020,1
4021,-1
4022,1
4023,-1
4024,0
4025,0
4026,-1
4027,-1
4028,-1
4029,-1
4030,1
4031,0
4032,1
4033,0
4034,0
4035,-1
4036,-1
4037,-1
4038,-1
4039,-1
4040,-1
4041,-1
4042,-1
4043,1
4044,1
4045,0
4046,-1
4047,1
4048,0
4049,-1
4050,-1
4051,1
4052,0
4053,-1
4054,-1
4055,0
4056,-1
4057,0
4058,-1
4059,0
4060,0
4061,0
4062,0
4063,1
4064,0
4065,0
4066,0
4067,0
4068,1
4069,1
4070,-1
4071,1
4072,-1
4073,1
4074,-1
4075,-1
4076,0
4077,1
4078,0
4079,0
4080,-1
4081,1
4082,1
4083,0
4084,0
4085,0
4086,0
4087,0
4088,-1
4089,0
4090,0
4091,1
4092,-1
4093,0
4094,-1
4095,0
4096,-1
4097,1
4098,-1
4099,-1
4100,1
4101,-1
4102,0
4103,1
4104,0
4105,-1
4106,1
4107,-1
4108,1
4109,1
4110,-1
4111,1
4112,-1
4113,1
4114,-1
4115,1
4116,-1
4117,0
4118,0
4119,-1
4120,0
4121,-1
4122,-1
4123,0
4124,0
4125,0
4126,0
4127,-1
4128,1
4129,-1
4130,-1
4131,0
4132,1
4133,1
4134,0
4135,0
4136,1
4137,-1
4138,-1
4139,0
4140,0
4141,-1
4142,0
4143,0
4144,-1
4145,-1
4146,0
4147,1
4148,1
4149,1
4150,0
4151,0
4152,0
4153,0
4154,0
4155,1
4156,-1
4157,-1
4158,-1
4159,1
4160,0
4161,-1
4162,0
4163,1
4164,1
4165,0
4166,-1
4167,0
4168,-1
4169,-1
4170,-1
4171,1
4172,-1
4173,-1
4174,-1
4175,1
4176,-1
4177,1
4178,-1
4179,0
4180,-1
4181,-1
4182,1
4183,-1
4184,0
4185,1
4186,0
4187,0
4188,0
4189,-1
4190,0
4191,0
4192,0
4193,-1
4194,-1
4195,-1
4196,-1
4197,-1
4198,1
4199,1
4200,0
4201,1
4202,1
4203,1
4204,-1
4205,0
4206,1
4207,1
4208,-1
4209,0
4210,1
4211,-1
4212,0
4213,0
4214,0
4215,1
4216,-1
4217,1
4218,0
4219,0
4220,0
4221,1
4222,0
4223,1
4224,-1
4225,-1
4226,1
4227,1
4228,-1
4229,1
4230,1
4231,-1
4232,-1
4233,1
4234,-1
4235,-1
4236,0
4237,1
4238,-1
4239,0
4240,0
4241,-1
4242,1
4243,0
4244,0
4245,0
4246,1
4247,1
4248,-1
4249,0
4250,0
4251,-1
4252,-1
4253,1
4254,1
4255,1
4256,-1
4257,0
4258,0
4259,-1
4260,0
4261,0
4262,0
4263,-1
4264,-1
4265,0
4266,-1
4267,0
4268,-1
4269,0
4270,-1
4271,0
4272,0
4273,1
4274,0
4275,0
4276,0
4277,-1
4278,0
4279,-1
4280,1
4281,0
4282,-1
4283,-1
4284,-1
4285,0
4286,0
4287,1
4288,-1
4289,-1
4290,1
4291,0
4292,-1
4293,1
4294,-1
4295,1
4296,0
4297,1
4298,0
4299,0
4300,0
4301,1
4302,1
4303,0
4304,-1
4305,0
4306,-1
4307,-1
4308,1
4309,1
4310,-1
4311,-1
4312,1
4313,0
4314,-1
4315,-1
4316,1
4317,0
4318,-1
4319,1
4320,1
4321,1
4322,-1
4323,1
4324,0
4325,0
4326,1
4327,-1
4328,1
4329,-1
4330,0
4331,0
4332,0
4333,1
4334,-1
4335,0
4336,-1
4337,0
4338,0
4339,0
4340,0
4341,0
4342,-1
4343,1
4344,0
4345,-1
4346,-1
4347,-1
4348,0
4349,-1
4350,0
4351,0
4352,-1
4353,-1
4354,-1
4355,-1
4356,-1
4357,0
4358,-1
4359,-1
4360,0
4361,0
4362,0
4363,-1
4364,1
4365,1
4366,0
4367,-1
4368,1
4369,1
4370,1
4371,0
4372,1
4373,1
4374,1
4375,-1
4376,-1
4377,1
4378,1
4379,0
4380,1
4381,0
4382,0
4383,1
4384,-1
4385,1
4386,0
4387,0
4388,0
4389,0
4390,0
4391,-1
4392,0
4393,0
4394,-1
4395,-1
4396,-1
4397,0
4398,-1
4399,0
4400,1
4401,0
4402,-1
4403,-1
4404,-1
4405,-1
4406,1
4407,0
4408,-1
4409,-1
4410,0
4411,0
4412,0
4413,0
4414,0
4415,-1
4416,-1
4417,0
4418,1
4419,1
4420,0
4421,-1
4422,1
4423,-1
4424,-1
4425,-1
4426,0
4427,-1
4428,-1
4429,1
4430,-1
4431,0
4432,1
4433,-1
4434,1
4435,-1
4436,1
4437,1
4438,-1
4439,0
4440,-1
4441,-1
4442,1
4443,0
4444,1
4445,0
4446,-1
4447,-1
4448,-1
4449,-1
4450,1
4451,-1
4452,-1
4453,1
4454,-1
4455,0
4456,1
4457,0
4458,0
4459,1
4460,0
4461,-1
4462,1
4463,0
4464,0
4465,1
4466,1
4467,-1
4468,-1
4469,-1
4470,-1
4471,-1
4472,-1
4473,-1
4474,0
4475,1
4476,1
4477,-1
4478,-1
4479,1
4480,-1
4481,-1
4482,1
4483,1
4484,-1
4485,0
4486,-1
4487,0
4488,1
4489,0
4490,-1
4491,0
4492,1
4493,1
4494,-1
4495,1
4496,1
4497,0
4498,-1
4499,1
4500,-1
4501,1
4502,1
4503,0
4504,-1
4505,-1
4506,0
4507,-1
4508,1
4509,-1
4510,1
4511,1
4512,-1
4513,0
4514,1
4515,-1
4516,1
4517,1
4518,1
4519,0
4520,1
4521,0
4522,-1
4523,-1
4524,0
4525,-1
4526,0
4527,1
4528,-1
4529,1
4530,-1
4531,1
4532,1
4533,1
4534,-1
4535,-1
4536,0
4537,1
4538,0
4539,1
4540,1
4541,0
4542,1
4543,0
4544,-1
4545,0
4546,-1
4547,0
4548,0
4549,1
4550,1
4551,-1
4552,0
4553,-1
4554,1
4555,-1
4556,-1
4557,0
4558,1
4559,-1
4560,1
4561,1
4562,-1
4563,1
4564,-1
4565,0
4566,-1
4567,1
4568,1
4569,0
4570,1
4571,1
4572,-1
4573,0
4574,0
4575,-1
4576,-1
4577,-1
4578,0
4579,0
4580,1
4581,1
4582,1
4583,1
4584,-1
4585,1
4586,0
4587,-1
4588,0
4589,-1
4590,-1
4591,0
4592,-1
4593,0
4594,1
4595,0
4596,1
4597,-1
4598,0
4599,1
4600,0
4601,-1
4602,-1
4603,-1
4604,-1
4605,-1
4606,-1
4607,-1
4608,-1
4609,-1
4610,0
4611,-1
4612,-1
4613,-1
4614,0
4615,1
4616,0
4617,-1
4618,0
4619,0
4620,1
4621,-1
4622,1
4623,-1
4624,-1
4625,0
4626,-1
4627,1
4628,1
4629,1
4630,0
4631,1
4632,-1
4633,-1
4634,1
4635,-1
4636,1
4637,0
4638,-1
4639,0
4640,0
4641,0
4642,1
4643,-1
4644,-1
4645,0
4646,-1
4647,0
4648,-1
4649,1
4650,1
4651,1
4652,1
4653,0
4654,-1
4655,0
4656,1
4657,1
4658,0
4659,-1
4660,-1
4661,1
4662,1
4663,-1
4664,1
4665,-1
4666,-1
4667,0
4668,-1
4669,-1
4670,1
4671,-1
4672,0
4673,0
4674,1
4675,0
4676,1
4677,-1
4678,-1
4679,-1
4680,1
4681,0
4682,1
4683,-1
4684,0
4685,-1
4686,-1
4687,1
4688,1
4689,-1
4690,-1
4691,1
4692,0
4693,0
4694,-1
4695,-1
4696,-1
4697,0
4698,0
4699,0
4700,1
4701,1
4702,1
4703,-1
4704,-1
4705,0
4706,0
4707,1
4708,1
4709,0
4710,-1
4711,-1
4712,-1
4713,-1
4714,0
4715,1
4716,0
4717,-1
4718,1
4719,0
4720,1
4721,-1
4722,0
4723,1
4724,0
4725,0
4726,-1
4727,-1
4728,0
4729,0
4730,0
4731,-1
4732,0
4733,1
4734,0
4735,1
4736,0
4737,0
4738,-1
4739,-1
4740,0
4741,1
4742,-1
4743,-1
4744,0
4745,1
4746,0
4747,-1
4748,0
4749,0
4750,-1
4751,0
4752,0
4753,0
4754,-1
4755,1
4756,0
4757,-1
4758,1
4759,1
4760,0
4761,1
4762,-1
4763,1
4764,-1
4765,0
4766,0
4767,-1
4768,0
4769,-1
4770,1
4771,-1
4772,-1
4773,1
4774,-1
4775,1
4776,-1
4777,1
4778,1
4779,-1
4780,-1
4781,-1
4782,1
4783,-1
4784,1
4785,-1
4786,0
4787,1
4788,1
4789,1
4790,-1
4791,0
4792,1
4793,1
4794,1
4795,0
4796,0
4797,0
4798,1
4799,-1
4800,0
4801,-1
4802,-1
4803,0
4804,0
4805,0
4806,-1
4807,-1
4808,0
4809,-1
4810,0
4811,0
4812,-1
4813,0
4814,-1
4815,0
4816,-1
4817,0
4818,1
4819,1
4820,-1
4821,0
4822,-1
4823,0
4824,-1
4825,-1
4826,0
4827,1
4828,-1
4829,-1
4830,0
4831,0
4832,0
4833,0
4834,0
4835,-1
4836,0
4837,1
4838,-1
4839,1
4840,-1
4841,1
4842,0
4843,0
4844,-1
4845,0
4846,0
4847,0
4848,-1
4849,-1
4850,1
4851,0
4852,-1
4853,0
4854,1
4855,1
4856,0
4857,0
4858,-1
4859,-1
4860,-1
4861,1
4862,1
4863,1
4864,0
4865,0
4866,1
4867,1
4868,0
4869,0
4870,0
4871,1
4872,-1
4873,1
4874,1
4875,0
4876,0
4877,1
4878,-1
4879,0
4880,-1
4881,0
4882,-1
4883,-1
4884,1
4885,-1
4886,-1
4887,1
4888,-1
4889,0
4890,0
4891,-1
4892,1
4893,-1
4894,0
4895,0
4896,-1
4897,-1
4898,0
4899,0
4900,-1
4901,0
4902,1
4903,0
4904,1
4905,1
4906,1
4907,-1
4908,1
4909,0
4910,-1
4911,0
4912,1
4913,1
4914,0
4915,0
4916,0
4917,-1
4918,1
4919,0
4920,-1
4921,-1
4922,0
4923,1
4924,0
4925,-1
4926,1
4927,1
4928,-1
4929,0
4930,-1
4931,-1
4932,-1
4933,1
4934,1
4935,1
4936,-1
4937,1
4938,-1
4939,1
4940,0
4941,-1
4942,1
4943,1
4944,0
4945,0
4946,-1
4947,-1
4948,-1
4949,1
4950,1
4951,1
4952,0
4953,0
4954,0
4955,0
4956,-1
4957,0
4958,-1
4959,0
4960,-1
4961,1
4962,1
4963,1
4964,0
4965,1
4966,1
4967,0
4968,-1
4969,1
4970,1
4971,0
4972,1
4973,-1
4974,1
4975,0
4976,0
4977,-1
4978,1
4979,0
4980,-1
4981,1
4982,0
4983,-1
4984,-1
4985,0
4986,1
4987,1
4988,0
4989,1
4990,0
4991,0
4992,1
4993,-1
4994,-1
4995,-1
4996,-1
4997,1
4998,1
4999,0
5000,-1
5001,0
5002,0
5003,0
5004,1
5005,1
5006,0
5007,-1
5008,1
5009,0
5010,-1
5011,1
5012,1
5013,0
5014,-1
5015,-1
5016,0
5017,0
5018,-1
5019,0
5020,0
5021,-1
5022,0
5023,0
5024,0
5025,-1
5026,1
5027,1
5028,-1
5029,-1
5030,1
5031,0
5032,0
5033,-1
5034,1
5035,1
5036,1
5037,1
5038,-1
5039,-1
5040,-1
5041,-1
5042,1
5043,1
5044,1
5045,1
5046,-1
5047,1
5048,0
5049,1
5050,0
5051,1
5052,0
5053,-1
5054,0
5055,-1
5056,-1
5057,1
5058,0
5059,0
5060,1
5061,1
5062,0
5063,0
5064,0
5065,-1
5066,0
5067,1
5068,1
5069,1
5070,1
5071,1
5072,1
5073,1
5074,1
5075,0
5076,-1
5077,1
5078,0
5079,1
5080,1
5081,0
5082,-1
5083,-1
5084,-1
5085,-1
5086,1
5087,1
5088,1
5089,-1
5090,0
5091,-1
5092,0
5093,-1
5094,0
5095,-1
5096,-1
5097,-1
5098,-1
5099,-1
5100,1
5101,1
5102,-1
5103,1
5104,1
5105,-1
5106,0
5107,-1
5108,-1
5109,-1
5110,1
5111,-1
5112,-1
5113,0
5114,0
5115,-1
5116,0
5117,0
5118,0
5119,1
5120,-1
5121,1
5122,-1
5123,0
5124,-1
5125,-1
5126,-1
5127,-1
5128,-1
5129,0
5130,0
5131,-1
5132,-1
5133,1
5134,1
5135,-1
5136,0
5137,0
5138,0
5139,-1
5140,1
5141,0
5142,0
5143,1
5144,0
5145,-1
5146,1
5147,1
5148,-1
5149,0
5150,-1
5151,0
5152,-1
5153,1
5154,0
5155,1
5156,-1
5157,0
5158,-1
5159,1
5160,0
5161,1
5162,0
5163,1
5164,1
5165,1
5166,1
5167,1
5168,0
5169,1
5170,-1
5171,-1
5172,1
5173,-1
5174,0
5175,-1
5176,-1
5177,-1
5178,-1
5179,-1
5180,0
5181,0
5182,1
5183,-1
5184,-1
5185,-1
5186,1
5187,1
5188,0
5189,0
5190,0
5191,0
5192,1
5193,0
5194,0
5195,0
5196,-1
5197,1
5198,0
5199,0
5200,-1
5201,1
5202,1
5203,-1
5204,0
5205,0
5206,0
5207,-1
5208,0
5209,-1
5210,1
5211,0
5212,1
5213,0
5214,-1
5215,-1
5216,-1
5217,0
5218,-1
5219,0
5220,-1
5221,-1
5222,1
5223,0
5224,1
5225,-1
5226,1
5227,-1
5228,1
5229,0
5230,1
5231,1
5232,0
5233,0
5234,-1
5235,1
5236,1
5237,-1
5238,0
5239,-1
5240,1
5241,0
5242,0
5243,1
5244,-1
5245,-1
5246,1
5247,0
5248,0
5249,0
5250,1
5251,-1
5252,-1
5253,-1
5254,1
5255,0
5256,1
5257,0
5258,0
5259,0
5260,1
5261,-1
5262,-1
5263,-1
5264,1
5265,-1
5266,-1
5267,0
5268,-1
5269,1
5270,0
5271,-1
5272,-1
5273,0
5274,-1
5275,-1
5276,1
5277,-1
5278,1
5279,-1
5280,0
5281,0
5282,-1
5283,1
5284,1
5285,1
5286,-1
5287,-1
5288,1
5289,0
5290,-1
5291,-1
5292,1
5293,1
5294,-1
5295,0
5296,1
5297,1
5298,1
5299,1
5300,-1
5301,0
5302,-1
5303,-1
5304,-1
5305,-1
5306,-1
5307,-1
5308,1
5309,1
5310,0
5311,-1
5312,1
5313,0
5314,0
5315,1
5316,-1
5317,-1
5318,1
5319,1
5320,1
5321,0
5322,0
5323,-1
5324,1
5325,0
5326,-1
5327,-1
5328,0
5329,1
5330,-1
5331,1
5332,1
5333,1
5334,-1
5335,-1
5336,0
5337,0
5338,-1
5339,1
5340,0
5341,0
5342,1
5343,1
5344,1
5345,-1
5346,1
5347,1
5348,0
5349,0
5350,-1
5351,1
5352,1
5353,1
5354,0
5355,1
5356,-1
5357,0
5358,-1
5359,1
5360,0
5361,0
5362,1
5363,0
5364,1
5365,0
5366,-1
5367,-1
5368,-1
5369,1
5370,0
5371,0
5372,-1
5373,1
5374,0
5375,1
5376,1
5377,1
5378,-1
5379,-1
5380,-1
5381,-1
5382,-1
5383,-1
5384,1
5385,0
5386,-1
5387,1
5388,0
5389,-1
5390,1
5391,0
5392,-1
5393,0
5394,0
5395,1
5396,1
5397,-1
5398,0
5399,0
5400,0
5401,0
5402,0
5403,1
5404,-1
5405,1
5406,1
5407,1
5408,0
5409,-1
5410,0
5411,0
5412,0
5413,1
5414,-1
5415,0
5416,0
5417,-1
5418,1
5419,0
5420,0
5421,-1
5422,0
5423,1
5424,-1
5425,1
5426,0
5427,0
5428,1
5429,1
5430,1
5431,0
5432,-1
5433,0
5434,0
5435,-1
5436,0
5437,-1
5438,1
5439,-1
5440,-1
5441,-1
5442,-1
5443,1
5444,1
5445,-1
5446,-1
5447,1
5448,0
5449,-1
5450,-1
5451,-1
5452,1
5453,1
5454,1
5455,1
5456,-1
5457,-1
5458,-1
5459,0
5460,0
5461,0
5462,-1
5463,-1
5464,0
5465,1
5466,1
5467,1
5468,-1
5469,1
5470,-1
5471,0
5472,0
5473,0
5474,-1
5475,1
5476,-1
5477,1
5478,1
5479,1
5480,0
5481,-1
5482,1
5483,0
5484,1
5485,-1
5486,-1
5487,0
5488,-1
5489,-1
5490,1
5491,-1
5492,0
5493,1
5494,0
5495,1
5496,1
5497,-1
5498,0
5499,0
5500,0
5501,1
5502,-1
5503,-1
5504,1
5505,-1
5506,1
5507,1
5508,1
5509,-1
5510,1
5511,1
5512,0
5513,0
5514,1
5515,-1
5516,-1
5517,0
5518,1
5519,1
5520,1
5521,1
5522,0
5523,0
5524,0
5525,1
5526,1
5527,0
5528,-1
5529,-1
5530,-1
5531,-1
5532,0
5533,0
5534,0
5535,0
5536,1
5537,-1
5538,1
5539,0
5540,0
5541,1
5542,-1
5543,-1
5544,-1
5545,-1
5546,0
5547,-1
5548,0
5549,-1
5550,1
5551,0
5552,1
5553,1
5554,-1
5555,0
5556,-1
5557,0
5558,-1
5559,1
5560,0
5561,-1
5562,0
5563,-1
5564,0
5565,1
5566,1
5567,-1
5568,0
5569,1
5570,0
5571,-1
5572,1
5573,0
5574,1
5575,0
5576,-1
5577,0
5578,-1
5579,-1
5580,0
5581,1
5582,1
5583,-1
5584,-1
5585,-1
5586,-1
5587,0
5588,0
5589,1
5590,0
5591,-1
5592,1
5593,1
5594,0
5595,1
5596,1
5597,-1
5598,-1
5599,-1
5600,-1
5601,0
5602,-1
5603,-1
5604,-1
5605,1
5606,-1
5607,0
5608,1
5609,0
5610,1
5611,0
5612,0
5613,0
5614,0
5615,0
5616,0
5617,0
5618,1
5619,-1
5620,1
5621,1
5622,0
5623,-1
5624,-1
5625,0
5626,-1
5627,1
5628,1
5629,1
5630,0
5631,-1
5632,0
5633,-1
5634,1
5635,-1
5636,0
5637,-1
5638,-1
5639,1
5640,1
5641,-1
5642,-1
5643,-1
5644,1
5645,-1
5646,0
5647,0
5648,-1
5649,-1
5650,-1
5651,0
5652,-1
5653,0
5654,1
5655,-1
5656,1
5657,1
5658,0
5659,-1
5660,-1
5661,-1
5662,-1
5663,-1
5664,1
5665,1
5666,0
5667,-1
5668,0
5669,0
5670,1
5671,-1
5672,1
5673,-1
5674,0
5675,1
5676,-1
5677,-1
5678,1
5679,1
5680,1
5681,0
5682,0
5683,-1
5684,0
5685,-1
5686,0
5687,0
5688,-1
5689,1
5690,-1
5691,1
5692,0
5693,1
5694,-1
5695,0
5696,0
5697,0
5698,0
5699,0
5700,0
5701,0
5702,0
5703,1
5704,0
5705,-1
5706,-1
5707,-1
5708,0
5709,1
5710,-1
5711,1
5712,-1
5713,1
5714,-1
5715,-1
5716,0
5717,-1
5718,1
5719,1
5720,-1
5721,0
5722,1
5723,-1
5724,0
5725,-1
5726,1
5727,1
5728,0
5729,0
5730,-1
5731,0
5732,1
5733,0
5734,1
5735,0
5736,1
5737,0
5738,1
5739,1
5740,0
5741,-1
5742,0
5743,0
5744,0
5745,0
5746,0
5747,0
5748,0
5749,0
5750,-1
5751,1
5752,0
5753,0
5754,0
5755,-1
5756,-1
5757,1
5758,0
5759,1
5760,-1
5761,1
5762,0
5763,0
5764,1
5765,1
5766,1
5767,-1
5768,1
5769,1
5770,-1
5771,0
5772,0
5773,0
5774,1
5775,1
5776,-1
5777,1
5778,-1
5779,1
5780,1
5781,0
5782,0
5783,0
5784,-1
5785,-1
5786,1
5787,-1
5788,0
5789,1
5790,0
5791,1
5792,-1
5793,0
5794,0
5795,-1
5796,1
5797,1
5798,1
5799,-1
5800,0
5801,-1
5802,1
5803,-1
5804,-1
5805,-1
5806,-1
5807,0
5808,-1
5809,1
5810,0
5811,0
5812,1
5813,0
5814,-1
5815,-1
5816,-1
5817,-1
5818,0
5819,-1
5820,1
5821,1
5822,1
5823,1
5824,-1
5825,1
5826,1
5827,-1
5828,-1
5829,-1
5830,0
5831,-1
5832,0
5833,0
5834,-1
5835,0
5836,0
5837,-1
5838,1
5839,-1
5840,-1
5841,-1
5842,1
5843,0
5844,0
5845,0
5846,-1
5847,1
5848,0
5849,0
5850,-1
5851,0
5852,-1
5853,-1
5854,-1
5855,0
5856,-1
5857,-1
5858,-1
5859,0
5860,-1
5861,-1
5862,0
5863,0
5864,0
5865,-1
5866,1
5867,0
5868,1
5869,-1
5870,-1
5871,0
5872,1
5873,0
5874,0
5875,-1
5876,-1
5877,0
5878,1
5879,-1
5880,-1
5881,-1
5882,0
5883,1
5884,1
5885,1
5886,1
5887,-1
5888,-1
5889,0
5890,0
5891,-1
5892,-1
5893,1
5894,-1
5895,0
5896,1
5897,0
5898,-1
5899,1
5900,-1
5901,-1
5902,-1
5903,-1
5904,-1
5905,-1
5906,0
5907,1
5908,0
5909,1
5910,-1
5911,-1
5912,1
5913,-1
5914,0
5915,0
5916,0
5917,0
5918,1
5919,0
5920,0
5921,1
5922,0
5923,-1
5924,-1
5925,-1
5926,1
5927,1
5928,1
5929,-1
5930,0
5931,0
5932,1
5933,0
5934,1
5935,1
5936,1
5937,0
5938,0
5939,1
5940,0
5941,0
5942,-1
5943,-1
5944,-1
5945,1
5946,1
5947,-1
5948,1
5949,0
5950,1
5951,-1
5952,-1
5953,-1
5954,-1
5955,0
5956,1
5957,-1
5958,1
5959,1
5960,1
5961,1
5962,-1
5963,0
5964,-1
5965,-1
5966,0
5967,-1
5968,-1
5969,1
5970,0
5971,-1
5972,1
5973,1
5974,-1
5975,0
5976,-1
5977,1
5978,0
5979,0
5980,-1
5981,-1
5982,0
5983,0
5984,-1
5985,-1
5986,-1
5987,0
5988,-1
5989,-1
5990,1
5991,-1
5992,-1
5993,1
5994,-1
5995,-1
5996,1
5997,0
5998,0
5999,0
6000,0
6001,-1
6002,0
6003,-1
6004,1
6005,1
6006,-1
6007,-1
6008,1
6009,1
6010,1
6011,1
6012,0
6013,-1
6014,1
6015,-1
6016,0
6017,-1
6018,0
6019,1
6020,1
6021,1
6022,0
6023,0
6024,-1
6025,0
6026,-1
6027,0
6028,-1
6029,0
6030,1
6031,1
6032,-1
6033,1
6034,-1
6035,-1
6036,-1
6037,0
6038,-1
6039,0
6040,1
6041,-1
6042,1
6043,1
6044,-1
6045,0
6046,-1
6047,1
6048,-1
6049,-1
6050,-1
6051,0
6052,-1
6053,1
6054,0
6055,-1
6056,0
6057,1
6058,-1
6059,-1
6060,1
6061,0
6062,0
6063,1
6064,1
6065,0
6066,-1
6067,0
6068,1
6069,-1
6070,-1
6071,1
6072,0
6073,1
6074,0
6075,-1
6076,0
6077,0
6078,-1
6079,0
6080,0
6081,-1
6082,0
6083,-1
6084,1
6085,-1
6086,0
6087,0
6088,1
6089,-1
6090,1
6091,-1
6092,0
6093,0
6094,-1
6095,0
6096,1
6097,0
6098,0
6099,1
6100,1
6101,1
6102,0
6103,-1
6104,0
6105,-1
6106,0
6107,1
6108,1
6109,0
6110,-1
6111,1
6112,0
6113,-1
6114,1
6115,1
6116,1
6117,-1
6118,1
6119,1
6120,1
6121,0
6122,1
6123,0
6124,-1
6125,1
6126,-1
6127,1
6128,-1
6129,-1
6130,1
6131,1
6132,1
6133,0
6134,1
6135,1
6136,-1
6137,0
6138,-1
6139,-1
6140,-1
6141,-1
6142,-1
6143,1
6144,-1
6145,1
6146,-1
6147,-1
6148,1
6149,0
6150,0
6151,0
6152,0
6153,0
6154,-1
6155,-1
6156,0
6157,-1
6158,1
6159,-1
6160,1
6161,-1
6162,-1
6163,0
6164,1
6165,1
6166,-1
6167,0
6168,-1
6169,1
6170,-1
6171,1
6172,0
6173,-1
6174,-1
6175,0
6176,0
6177,0
6178,0
6179,-1
6180,0
6181,1
6182,0
6183,-1
6184,1
6185,-1
6186,0
6187,0
6188,0
6189,0
6190,-1
6191,-1
6192,-1
6193,0
6194,1
6195,-1
6196,0
6197,0
6198,-1
6199,0
6200,1
6201,0
6202,0
6203,0
6204,0
6205,1
6206,1
6207,1
6208,1
6209,0
6210,1
6211,0
6212,1
6213,1
6214,0
6215,0
6216,-1
6217,-1
6218,1
6219,1
6220,-1
6221,1
6222,1
6223,-1
6224,-1
6225,0
6226,1
6227,-1
6228,-1
6229,1
6230,0
6231,0
6232,1
6233,1
6234,-1
6235,-1
6236,-1
6237,1
6238,-1
6239,-1
6240,1
6241,-1
6242,-1
6243,0
6244,0
6245,1
6246,0
6247,1
6248,-1
6249,1
6250,-1
6251,1
6252,0
6253,1
6254,1
6255,0
6256,1
6257,-1
6258,-1
6259,-1
6260,0
6261,0
6262,-1
6263,0
6264,0
6265,-1
6266,-1
6267,1
6268,0
6269,-1
6270,0
6271,-1
6272,-1
6273,1
6274,-1
6275,1
6276,-1
6277,0
6278,0
6279,1
6280,0
6281,0
6282,0
6283,-1
6284,0
6285,0
6286,-1
6287,0
6288,0
6289,-1
6290,0
6291,-1
6292,1
6293,1
6294,1
6295,0
6296,-1
6297,0
6298,-1
6299,1
6300,-1
6301,0
6302,0
6303,-1
6304,-1
6305,-1
6306,1
6307,0
6308,1
6309,1
6310,1
6311,-1
6312,1
6313,0
6314,0
6315,-1
6316,0
6317,0
6318,0
6319,-1
6320,-1
6321,0
6322,1
6323,1
6324,-1
6325,-1
6326,-1
6327,-1
6328,1
6329,0
6330,1
6331,0
6332,1
6333,-1
6334,0
6335,-1
6336,-1
6337,0
6338,1
6339,0
6340,1
6341,-1
6342,0
6343,-1
6344,0
6345,0
6346,1
6347,0
6348,-1
6349,0
6350,-1
6351,-1
6352,1
6353,0
6354,1
6355,0
6356,0
6357,1
6358,0
6359,1
6360,-1
6361,-1
6362,-1
6363,-1
6364,0
6365,-1
6366,-1
6367,1
6368,0
6369,0
6370,-1
6371,-1
6372,0
6373,0
6374,-1
6375,-1
6376,0
6377,1
6378,1
6379,-1
6380,0
6381,-1
6382,-1
6383,1
6384,1
6385,1
6386,0
6387,0
6388,0
6389,0
6390,0
6391,1
6392,0
6393,-1
6394,1
6395,0
6396,-1
6397,1
6398,-1
6399,1
6400,0
6401,1
6402,1
6403,-1
6404,0
6405,0
6406,0
6407,0
6408,-1
6409,1
6410,0
6411,0
6412,-1
6413,1
6414,-1
6415,1
6416,1
6417,-1
6418,-1
6419,1
6420,0
6421,0
6422,1
6423,-1
6424,1
6425,-1
6426,0
6427,0
6428,1
6429,0
6430,1
6431,-1
6432,0
6433,-1
6434,1
6435,-1
6436,-1
6437,0
6438,-1
6439,0
6440,1
6441,0
6442,-1
6443,0
6444,-1
6445,1
6446,1
6447,0
6448,0
6449,-1
6450,1
6451,0
6452,1
6453,-1
6454,0
6455,0
6456,-1
6457,-1
6458,1
6459,-1
6460,-1
6461,1
6462,-1
6463,0
6464,-1
6465,-1
6466,1
6467,1
6468,1
6469,1
6470,1
6471,1
6472,-1
6473,-1
6474,-1
6475,1
6476,1
6477,-1
6478,0
6479,0
6480,-1
6481,-1
6482,-1
6483,1
6484,1
6485,-1
6486,0
6487,0
6488,-1
6489,-1
6490,0
6491,1
6492,0
6493,-1
6494,0
6495,1
6496,1
6497,1
6498,-1
6499,1
6500,0
6501,1
6502,0
6503,1
6504,0
6505,0
6506,0
6507,-1
6508,1
6509,1
6510,0
6511,-1
6512,0
6513,1
6514,0
6515,-1
6516,1
6517,-1
6518,-1
6519,1
6520,-1
6521,1
6522,1
6523,-1
6524,1
6525,-1
6526,1
6527,1
6528,0
6529,0
6530,-1
6531,1
6532,0
6533,0
6534,1
6535,0
6536,-1
6537,1
6538,1
6539,-1
6540,0
6541,-1
6542,-1
6543,-1
6544,-1
6545,-1
6546,0
6547,1
6548,1
6549,1
6550,1
6551,1
6552,-1
6553,-1
6554,0
6555,1
6556,1
6557,0
6558,1
6559,-1
6560,1
6561,-1
6562,0
6563,-1
6564,1
6565,1
6566,1
6567,-1
6568,-1
6569,0
6570,0
6571,-1
6572,1
6573,-1
6574,1
6575,0
6576,-1
6577,0
6578,-1
6579,-1
6580,0
6581,-1
6582,1
6583,1
6584,-1
6585,1
6586,-1
6587,0
6588,-1
6589,1
6590,0
6591,1
6592,1
6593,0
6594,0
6595,-1
6596,1
6597,-1
6598,-1
6599,1
6600,-1
6601,1
6602,-1
6603,-1
6604,1
6605,-1
6606,0
6607,0
6608,-1
6609,0
6610,-1
6611,-1
6612,0
6613,-1
6614,1
6615,1
6616,1
6617,0
6618,0
6619,0
6620,-1
6621,-1
6622,1
6623,1
6624,-1
6625,1
6626,1
6627,1
6628,-1
6629,-1
6630,1
6631,-1
6632,0
6633,-1
6634,1
6635,-1
6636,-1
6637,0
6638,0
6639,1
6640,-1
6641,1
6642,0
6643,-1
6644,0
6645,-1
6646,1
6647,-1
6648,0
6649,0
6650,-1
6651,1
6652,-1
6653,1
6654,1
6655,-1
6656,-1
6657,-1
6658,0
6659,-1
6660,0
6661,0
6662,-1
6663,1
6664,-1
6665,1
6666,0
6667,-1
6668,0
6669,0
6670,0
6671,1
6672,1
6673,1
6674,0
6675,0
6676,0
6677,-1
6678,1
6679,0
6680,-1
6681,0
6682,-1
6683,1
6684,-1
6685,1
6686,1
6687,1
6688,-1
6689,0
6690,1
6691,0
6692,0
6693,0
6694,0
6695,0
6696,-1
6697,1
6698,0
6699,0
6700,1
6701,0
6702,-1
6703,-1
6704,0
6705,1
6706,0
6707,1
6708,-1
6709,1
6710,-1
6711,1
6712,1
6713,0
6714,-1
6715,0
6716,-1
6717,1
6718,0
6719,1
6720,0
6721,0
6722,1
6723,-1
6724,1
6725,-1
6726,0
6727,-1
6728,-1
6729,0
6730,-1
6731,0
6732,0
6733,-1
6734,-1
6735,0
6736,-1
6737,0
6738,-1
6739,0
6740,0
6741,-1
6742,1
6743,0
6744,0
6745,1
6746,-1
6747,1
6748,0
6749,0
6750,-1
6751,0
6752,-1
6753,-1
6754,0
6755,-1
6756,1
6757,0
6758,0
6759,-1
6760,1
6761,-1
6762,-1
6763,0
6764,0
6765,1
6766,1
6767,-1
6768,1
6769,-1
6770,-1
6771,0
6772,0
6773,1
6774,0
6775,1
6776,0
6777,1
6778,1
6779,1
6780,1
6781,-1
6782,-1
6783,-1
6784,-1
6785,-1
6786,0
6787,-1
6788,1
6789,0
6790,0
6791,1
6792,0
6793,1
6794,0
6795,1
6796,1
6797,0
6798,0
6799,0
6800,0
6801,1
6802,0
6803,-1
6804,-1
6805,-1
6806,-1
6807,0
6808,1
6809,0
6810,1
6811,1
6812,0
6813,0
6814,-1
6815,1
6816,-1
6817,-1
6818,-1
6819,0
6820,-1
6821,-1
6822,-1
6823,0
6824,1
6825,-1
6826,0
6827,1
6828,0
6829,0
6830,1
6831,0
6832,1
6833,1
6834,0
6835,0
6836,-1
6837,-1
6838,-1
6839,1
6840,1
6841,1
6842,0
6843,0
6844,-1
6845,0
6846,1
6847,-1
6848,0
6849,-1
6850,-1
6851,0
6852,0
6853,0
6854,1
6855,0
6856,-1
6857,0
6858,1
6859,0
6860,-1
6861,-1
6862,1
6863,0
6864,0
6865,-1
6866,1
6867,1
6868,-1
6869,-1
6870,-1
6871,1
6872,0
6873,1
6874,1
6875,0
6876,1
6877,0
6878,-1
6879,1
6880,-1
6881,-1
6882,1
6883,-1
6884,0
6885,0
6886,0
6887,1
6888,1
6889,-1
6890,1
6891,-1
6892,-1
6893,1
6894,-1
6895,-1
6896,1
6897,1
6898,1
6899,0
6900,0
6901,1
6902,-1
6903,0
6904,1
6905,1
6906,1
6907,0
6908,-1
6909,1
6910,0
6911,-1
6912,0
6913,0
6914,0
6915,-1
6916,-1
6917,1
6918,-1
6919,0
6920,0
6921,-1
6922,0
6923,1
6924,-1
6925,1
6926,1
6927,1
6928,1
6929,0
6930,0
6931,1
6932,1
6933,-1
6934,1
6935,0
6936,0
6937,1
6938,0
6939,-1
6940,-1
6941,0
6942,1
6943,-1
6944,-1
6945,1
6946,0
6947,-1
6948,-1
6949,1
6950,-1
6951,-1
6952,1
6953,1
6954,1
6955,-1
6956,1
6957,0
6958,1
6959,-1
6960,0
6961,0
6962,-1
6963,-1
6964,-1
6965,0
6966,-1
6967,1
6968,-1
6969,-1
6970,-1
6971,1
6972,1
6973,0
6974,1
6975,1
6976,0
6977,-1
6978,1
6979,-1
6980,0
6981,-1
6982,1
6983,-1
6984,1
6985,-1
6986,0
6987,0
6988,0
6989,0
6990,-1
6991,0
6992,-1
6993,0
6994,1
6995,1
6996,1
6997,-1
6998,1
6999,0
7000,-1
7001,-1
7002,0
7003,0
7004,-1
7005,0
7006,0
7007,0
7008,1
7009,0
7010,-1
7011,-1
7012,0
7013,0
7014,-1
7015,-1
7016,0
7017,-1
7018,0
7019,1
7020,0
7021,0
7022,-1
7023,1
7024,0
7025,-1
7026,1
7027,0
7028,1
7029,-1
7030,1
7031,0
7032,-1
7033,0
7034,0
7035,1
7036,1
7037,1
7038,1
7039,0
7040,-1
7041,0
7042,-1
7043,1
7044,1
7045,1
7046,-1
7047,0
7048,0
7049,1
7050,1
7051,1
7052,1
7053,0
7054,-1
7055,-1
7056,1
7057,1
7058,1
7059,1
7060,-1
7061,0
7062,-1
7063,-1
7064,1
7065,1
7066,0
7067,1
7068,-1
7069,-1
7070,0
7071,-1
7072,0
7073,1
7074,0
7075,1
7076,1
7077,1
7078,-1
7079,1
7080,-1
7081,-1
7082,-1
7083,-1
7084,0
7085,0
7086,0
7087,-1
7088,1
7089,0
7090,0
7091,1
7092,-1
7093,0
7094,-1
7095,-1
7096,1
7097,-1
7098,1
7099,0
7100,-1
7101,-1
7102,-1
7103,1
7104,1
7105,1
7106,0
7107,-1
7108,1
7109,0
7110,1
7111,0
7112,-1
7113,0
7114,-1
7115,0
7116,-1
7117,1
7118,0
7119,0
7120,1
7121,-1
7122,1
7123,1
7124,1
7125,1
7126,-1
7127,-1
7128,-1
7129,1
7130,-1
7131,1
7132,0
7133,0
7134,1
7135,-1
7136,1
7137,0
7138,0
7139,-1
7140,-1
7141,-1
7142,0
7143,1
7144,1
7145,1
7146,1
7147,-1
7148,1
7149,0
7150,0
7151,1
7152,-1
7153,1
7154,-1
7155,1
7156,-1
7157,0
7158,1
7159,0
7160,0
7161,1
7162,-1
7163,0
7164,0
7165,1
7166,-1
7167,-1
7168,-1
7169,0
7170,-1
7171,-1
7172,1
7173,-1
7174,-1
7175,0
7176,0
7177,-1
7178,0
7179,-1
7180,0
7181,1
7182,1
7183,0
7184,0
7185,-1
7186,0
7187,0
7188,-1
7189,1
7190,0
7191,0
7192,0
7193,1
7194,1
7195,-1
7196,1
7197,-1
7198,1
7199,1
7200,0
7201,-1
7202,1
7203,-1
7204,0
7205,-1
7206,0
7207,1
7208,-1
7209,0
7210,0
7211,0
7212,-1
7213,0
7214,0
7215,-1
7216,-1
7217,-1
7218,1
7219,1
7220,1
7221,0
7222,0
7223,-1
7224,-1
7225,1
7226,0
7227,-1
7228,1
7229,0
7230,-1
7231,-1
7232,-1
7233,0
7234,-1
7235,-1
7236,-1
7237,0
7238,0
7239,0
7240,0
7241,-1
7242,0
7243,-1
7244,0
7245,1
7246,0
7247,1
7248,-1
7249,1
7250,-1
7251,-1
7252,-1
7253,0
7254,1
7255,0
7256,1
7257,1
7258,0
7259,-1
7260,1
7261,-1
7262,0
7263,-1
7264,-1
7265,1
7266,-1
7267,-1
7268,0
7269,1
7270,1
7271,1
7272,-1
7273,1
7274,0
7275,0
7276,-1
7277,-1
7278,1
7279,1
7280,0
7281,1
7282,1
7283,0
7284,-1
7285,-1
7286,-1
7287,0
7288,-1
7289,1
7290,0
7291,1
7292,0
7293,-1
7294,0
7295,0
7296,-1
7297,-1
7298,0
7299,1
7300,-1
7301,0
7302,0
7303,1
7304,-1
7305,-1
7306,0
7307,0
7308,-1
7309,-1
7310,0
7311,-1
7312,-1
7313,0
7314,0
7315,0
7316,-1
7317,0
7318,0
7319,-1
7320,0
7321,1
7322,1
7323,-1
7324,0
7325,0
7326,1
7327,-1
7328,1
7329,1
7330,0
7331,1
7332,0
7333,-1
7334,1
7335,0
7336,1
7337,0
7338,1
7339,1
7340,-1
7341,-1
7342,0
7343,-1
7344,-1
7345,1
7346,1
7347,-1
7348,0
7349,0
7350,0
7351,0
7352,0
7353,0
7354,0
7355,1
7356,1
7357,-1
7358,-1
7359,-1
7360,-1
7361,1
7362,0
7363,-1
7364,1
7365,0
7366,-1
7367,0
7368,-1
7369,1
7370,-1
7371,-1
7372,0
7373,1
7374,0
7375,1
7376,-1
7377,-1
7378,0
7379,-1
7380,1
7381,1
7382,0
7383,-1
7384,-1
7385,-1
7386,0
7387,0
7388,0
7389,0
7390,0
7391,1
7392,-1
7393,-1
7394,0
7395,0
7396,-1
7397,1
7398,1
7399,-1
7400,0
7401,1
7402,1
7403,1
7404,-1
7405,0
7406,0
7407,-1
7408,0
7409,-1
7410,0
7411,0
7412,1
7413,1
7414,1
7415,1
7416,-1
7417,1
7418,0
7419,0
7420,-1
7421,-1
7422,-1
7423,0
7424,-1
7425,1
7426,0
7427,0
7428,1
7429,-1
7430,0
7431,0
7432,-1
7433,-1
7434,0
7435,1
7436,-1
7437,0
7438,0
7439,-1
7440,1
7441,0
7442,-1
7443,1
7444,-1
7445,0
7446,1
7447,0
7448,0
7449,0
7450,-1
7451,0
7452,-1
7453,-1
7454,0
7455,1
7456,-1
7457,-1
7458,-1
7459,0
7460,0
7461,1
7462,0
7463,0
7464,-1
7465,0
7466,-1
7467,1
7468,0
7469,0
7470,1
7471,1
7472,-1
7473,1
7474,0
7475,-1
7476,1
7477,0
7478,0
7479,-1
7480,0
7481,0
7482,0
7483,0
7484,-1
7485,1
7486,-1
7487,-1
7488,0
7489,-1
7490,-1
7491,0
7492,1
7493,0
7494,-1
7495,0
7496,1
7497,0
7498,0
7499,0
7500,-1
7501,1
7502,1
7503,0
7504,0
7505,0
7506,-1
7507,-1
7508,1
7509,0
7510,-1
7511,-1
7512,0
7513,1
7514,-1
7515,-1
7516,-1
7517,1
7518,0
7519,1
7520,0
7521,0
7522,1
7523,-1
7524,1
7525,-1
7526,-1
7527,-1
7528,1
7529,0
7530,-1
7531,1
7532,0
7533,1
7534,0
7535,-1
7536,0
7537,0
7538,0
7539,0
7540,1
7541,1
7542,-1
7543,1
7544,0
7545,-1
7546,0
7547,0
7548,1
7549,-1
7550,0
7551,0
7552,-1
7553,1
7554,-1
7555,0
7556,0
7557,0
7558,1
7559,-1
7560,0
7561,1
7562,1
7563,-1
7564,-1
7565,1
7566,0
7567,1
7568,0
7569,-1
7570,1
7571,1
7572,1
7573,1
7574,1
7575,-1
7576,-1
7577,-1
7578,1
7579,0
7580,-1
7581,0
7582,0
7583,0
7584,0
7585,1
7586,-1
7587,0
7588,0
7589,-1
7590,1
7591,0
7592,0
7593,1
7594,1
7595,0
7596,-1
7597,1
7598,0
7599,-1
7600,0
7601,-1
7602,1
7603,-1
7604,1
7605,0
7606,-1
7607,0
7608,-1
7609,0
7610,0
7611,0
7612,1
7613,0
7614,-1
7615,-1
7616,0
7617,-1
7618,0
7619,0
7620,1
7621,0
7622,-1
7623,0
7624,-1
7625,-1
7626,1
7627,-1
7628,0
7629,0
7630,-1
7631,-1
7632,0
7633,-1
7634,-1
7635,0
7636,-1
7637,1
7638,0
7639,0
7640,-1
7641,0
7642,1
7643,1
7644,-1
7645,1
7646,-1
7647,1
7648,1
7649,0
7650,-1
7651,1
7652,-1
7653,-1
7654,-1
7655,0
7656,1
7657,0
7658,0
7659,-1
7660,0
7661,1
7662,1
7663,-1
7664,-1
7665,0
7666,-1
7667,0
7668,0
7669,0
7670,0
7671,0
7672,0
7673,1
7674,0
7675,0
7676,0
7677,-1
7678,1
7679,1
7680,0
7681,-1
7682,-1
7683,-1
7684,1
7685,-1
7686,-1
7687,-1
7688,-1
7689,0
7690,0
7691,0
7692,1
7693,0
7694,0
7695,1
7696,-1
7697,1
7698,-1
7699,0
7700,1
7701,1
7702,1
7703,1
7704,-1
7705,1
7706,1
7707,0
7708,0
7709,-1
7710,-1
7711,0
7712,1
7713,0
7714,-1
7715,-1
7716,0
7717,0
7718,-1
7719,0
7720,0
7721,0
7722,-1
7723,0
7724,-1
7725,-1
7726,1
7727,1
7728,1
7729,0
7730,0
7731,1
7732,-1
7733,-1
7734,-1
7735,1
7736,0
7737,-1
7738,1
7739,0
7740,-1
7741,0
7742,-1
7743,0
7744,0
7745,-1
7746,0
7747,1
7748,-1
7749,0
7750,0
7751,-1
7752,-1
7753,1
7754,-1
7755,1
7756,1
7757,1
7758,-1
7759,-1
7760,1
7761,1
7762,0
7763,1
7764,0
7765,1
7766,0
7767,0
7768,1
7769,0
7770,-1
7771,0
7772,-1
7773,-1
7774,0
7775,0
7776,0
7777,-1
7778,-1
7779,1
7780,-1
7781,0
7782,-1
7783,1
7784,0
7785,-1
7786,1
7787,1
7788,-1
7789,0
7790,0
7791,1
7792,-1
7793,1
7794,-1
7795,1
7796,-1
7797,1
7798,0
7799,0
7800,-1
7801,-1
7802,-1
7803,-1
7804,-1
7805,0
7806,1
7807,-1
7808,1
7809,1
7810,1
7811,0
7812,0
7813,1
7814,0
7815,0
7816,0
7817,-1
7818,0
7819,1
7820,-1
7821,1
7822,0
7823,0
7824,-1
7825,-1
7826,-1
7827,-1
7828,0
7829,0
7830,-1
7831,1
7832,1
7833,0
7834,-1
7835,1
7836,1
7837,-1
7838,1
7839,-1
7840,1
7841,0
7842,-1
7843,1
7844,-1
7845,-1
7846,-1
7847,-1
7848,-1
7849,1
7850,-1
7851,-1
7852,0
7853,0
7854,-1
7855,0
7856,-1
7857,-1
7858,1
7859,-1
7860,1
7861,-1
7862,1
7863,-1
7864,1
7865,-1
7866,1
7867,0
7868,0
7869,1
7870,-1
7871,0
7872,-1
7873,-1
7874,0
7875,-1
7876,-1
7877,-1
7878,1
7879,-1
7880,1
7881,0
7882,-1
7883,1
7884,1
7885,-1
7886,0
7887,-1
7888,0
7889,0
7890,-1
7891,-1
7892,1
7893,0
7894,1
7895,-1
7896,-1
7897,1
7898,0
7899,1
7900,-1
7901,-1
7902,1
7903,0
7904,0
7905,1
7906,0
7907,-1
7908,1
7909,1
7910,1
7911,1
7912,0
7913,-1
7914,1
7915,0
7916,-1
7917,1
7918,0
7919,1
7920,0
7921,1
7922,1
7923,1
7924,-1
7925,0
7926,1
7927,1
7928,-1
7929,-1
7930,1
7931,0
7932,1
7933,1
7934,1
7935,1
7936,-1
7937,0
7938,-1
7939,-1
7940,-1
7941,0
7942,1
7943,1
7944,-1
7945,1
7946,0
7947,0
7948,-1
7949,0
7950,0
7951,-1
7952,1
7953,0
7954,0
7955,0
7956,1
7957,0
7958,-1
7959,1
7960,1
7961,0
7962,1
7963,0
7964,-1
7965,0
7966,0
7967,-1
7968,0
7969,1
7970,1
7971,0
7972,0
7973,1
7974,0
7975,1
7976,0
7977,1
7978,-1
7979,-1
7980,1
7981,-1
7982,0
7983,0
7984,-1
7985,-1
7986,-1
7987,-1
7988,1
7989,0
7990,0
7991,0
7992,-1
7993,0
7994,-1
7995,-1
7996,-1
7997,-1
7998,-1
7999,1
8000,0
8001,-1
8002,0
8003,-1
8004,1
8005,-1
8006,-1
8007,-1
8008,-1
8009,1
8010,1
8011,1
8012,0
8013,0
8014,1
8015,1
8016,-1
8017,0
8018,-1
8019,1
8020,-1
8021,1
8022,-1
8023,0
8024,0
8025,1
8026,0
8027,1
8028,0
8029,1
8030,1
8031,0
8032,1
8033,1
8034,-1
8035,1
8036,1
8037,-1
8038,0
8039,-1
8040,-1
8041,0
8042,-1
8043,0
8044,1
8045,1
8046,-1
8047,1
8048,1
8049,1
8050,-1
8051,-1
8052,1
8053,-1
8054,-1
8055,1
8056,1
8057,1
8058,0
8059,1
8060,-1
8061,0
8062,0
8063,-1
8064,0
8065,1
8066,-1
8067,1
8068,1
8069,0
8070,1
8071,0
8072,1
8073,0
8074,0
8075,0
8076,1
8077,0
8078,-1
8079,-1
8080,1
8081,-1
8082,0
8083,-1
8084,1
8085,0
8086,-1
8087,-1
8088,-1
8089,1
8090,-1
8091,-1
8092,-1
8093,0
8094,0
8095,1
8096,1
8097,-1
8098,1
8099,0
8100,1
8101,1
8102,-1
8103,-1
8104,0
8105,-1
8106,1
8107,0
8108,-1
8109,1
8110,1
8111,0
8112,-1
8113,0
8114,1
8115,0
8116,1
8117,-1
8118,0
8119,0
8120,0
8121,0
8122,-1
8123,-1
8124,1
8125,0
8126,-1
8127,0
8128,0
8129,1
8130,1
8131,-1
8132,0
8133,-1
8134,1
8135,0
8136,1
8137,-1
8138,1
8139,1
8140,1
8141,0
8142,1
8143,-1
8144,1
8145,1
8146,-1
8147,1
8148,1
8149,-1
8150,1
8151,1
8152,0
8153,0
8154,0
8155,1
8156,0
8157,1
8158,1
8159,1
8160,1
8161,-1
8162,-1
8163,-1
8164,0
8165,1
8166,0
8167,1
8168,0
8169,0
8170,1
8171,1
8172,0
8173,-1
8174,1
8175,-1
8176,-1
8177,0
8178,1
8179,-1
8180,-1
8181,-1
8182,1
8183,1
8184,-1
8185,1
8186,1
8187,1
8188,1
8189,1
8190,1
8191,0
8192,-1
8193,0
8194,-1
8195,0
8196,0
8197,1
8198,1
8199,0
8200,0
8201,0
8202,1
8203,0
8204,1
8205,0
8206,0
8207,-1
8208,-1
8209,-1
8210,-1
8211,0
8212,-1
8213,-1
8214,-1
8215,-1
8216,1
8217,0
8218,-1
8219,1
8220,-1
8221,1
8222,-1
8223,-1
8224,-1
8225,-1
8226,1
8227,1
8228,-1
8229,1
8230,0
8231,-1
8232,1
8233,-1
8234,1
8235,-1
8236,1
8237,0
8238,1
8239,-1
8240,-1
8241,1
8242,-1
8243,-1
8244,1
8245,1
8246,-1
8247,-1
8248,1
8249,-1
8250,1
8251,0
8252,1
8253,1
8254,0
8255,0
8256,0
8257,0
8258,0
8259,1
8260,-1
8261,-1
8262,1
8263,0
8264,1
8265,-1
8266,0
8267,-1
8268,0
8269,0
8270,0
8271,1
8272,-1
8273,-1
8274,0
8275,1
8276,0
8277,1
8278,1
8279,1
8280,-1
8281,1
8282,-1
8283,-1
8284,-1
8285,0
8286,1
8287,-1
8288,0
8289,-1
8290,-1
8291,0
8292,-1
8293,-1
8294,1
8295,1
8296,1
8297,1
8298,0
8299,-1
8300,0
8301,1
8302,1
8303,0
8304,-1
8305,1
8306,-1
8307,-1
8308,-1
8309,-1
8310,0
8311,0
8312,-1
8313,0
8314,-1
8315,0
8316,0
8317,0
8318,1
8319,-1
8320,1
8321,0
8322,1
8323,0
8324,1
8325,1
8326,-1
8327,0
8328,-1
8329,-1
8330,1
8331,1
8332,1
8333,1
8334,1
8335,0
8336,0
8337,1
8338,1
8339,0
8340,-1
8341,-1
8342,-1
8343,-1
8344,-1
8345,-1
8346,1
8347,-1
8348,0
8349,-1
8350,0
8351,-1
8352,1
8353,1
8354,1
8355,1
8356,-1
8357,-1
8358,-1
8359,0
8360,0
8361,0
8362,-1
8363,0
8364,1
8365,0
8366,0
8367,0
8368,0
8369,1
8370,0
8371,-1
8372,-1
8373,0
8374,1
8375,-1
8376,0
8377,-1
8378,0
8379,1
8380,-1
8381,-1
8382,1
8383,0
8384,-1
8385,-1
8386,1
8387,1
8388,0
8389,1
8390,-1
8391,0
8392,1
8393,-1
8394,1
8395,1
8396,0
8397,0
8398,0
8399,0
8400,-1
8401,-1
8402,0
8403,0
8404,1
8405,-1
8406,1
8407,1
8408,1
8409,1
8410,0
8411,0
8412,0
8413,0
8414,1
8415,0
8416,1
8417,0
8418,-1
8419,1
8420,1
8421,-1
8422,-1
8423,1
8424,1
8425,0
8426,1
8427,1
8428,1
8429,1
8430,-1
8431,1
8432,-1
8433,0
8434,-1
8435,-1
8436,-1
8437,1
8438,0
8439,0
8440,-1
8441,0
8442,-1
8443,1
8444,1
8445,0
8446,1
8447,1
8448,1
8449,0
8450,-1
8451,0
8452,1
8453,0
8454,1
8455,-1
8456,-1
8457,-1
8458,-1
8459,0
8460,-1
8461,1
8462,0
8463,0
8464,1
8465,-1
8466,0
8467,-1
8468,0
8469,0
8470,1
8471,-1
8472,-1
8473,0
8474,0
8475,1
8476,-1
8477,-1
8478,1
8479,-1
8480,1
8481,0
8482,-1
8483,-1
8484,1
8485,0
8486,1
8487,-1
8488,0
8489,-1
8490,1
8491,0
8492,-1
8493,-1
8494,-1
8495,1
8496,0
8497,1
8498,1
8499,-1
8500,1
8501,0
8502,-1
8503,1
8504,0
8505,1
8506,-1
8507,1
8508,1
8509,-1
8510,-1
8511,1
8512,0
8513,1
8514,0
8515,0
8516,0
8517,-1
8518,1
8519,1
8520,1
8521,1
8522,1
8523,0
8524,0
8525,1
8526,0
8527,-1
8528,1
8529,-1
8530,0
8531,-1
8532,-1
8533,1
8534,1
8535,0
8536,-1
8537,1
8538,-1
8539,-1
8540,0
8541,0
8542,1
8543,1
8544,0
8545,0
8546,-1
8547,-1
8548,0
8549,1
8550,0
8551,0
8552,0
8553,-1
8554,-1
8555,1
8556,0
8557,1
8558,0
8559,-1
8560,1
8561,0
8562,0
8563,-1
8564,-1
8565,-1
8566,-1
8567,1
8568,0
8569,1
8570,1
8571,-1
8572,0
8573,1
8574,1
8575,1
8576,0
8577,-1
8578,-1
8579,0
8580,1
8581,1
8582,-1
8583,1
8584,1
8585,-1
8586,-1
8587,-1
8588,1
8589,1
8590,-1
8591,-1
8592,1
8593,1
8594,-1
8595,0
8596,0
8597,1
8598,1
8599,0
8600,-1
8601,-1
8602,1
8603,-1
8604,1
8605,-1
8606,1
8607,0
8608,0
8609,1
8610,0
8611,1
8612,-1
8613,-1
8614,-1
8615,-1
8616,0
8617,-1
8618,0
8619,-1
8620,0
8621,1
8622,1
8623,-1
8624,0
8625,-1
8626,-1
8627,-1
8628,-1
8629,0
8630,-1
8631,-1
8632,1
8633,0
8634,0
8635,1
8636,-1
8637,0
8638,-1
8639,0
8640,-1
8641,0
8642,-1
8643,1
8644,-1
8645,0
8646,-1
8647,0
8648,-1
8649,0
8650,1
8651,-1
8652,-1
8653,-1
8654,0
8655,0
8656,0
8657,-1
8658,1
8659,-1
8660,1
8661,1
8662,1
8663,-1
8664,1
8665,1
8666,-1
8667,-1
8668,-1
8669,0
8670,1
8671,0
8672,0
8673,-1
8674,-1
8675,0
8676,-1
8677,0
8678,0
8679,0
8680,-1
8681,1
8682,1
8683,-1
8684,1
8685,1
8686,-1
8687,-1
8688,0
8689,1
8690,0
8691,1
8692,-1
8693,-1
8694,1
8695,0
8696,0
8697,-1
8698,-1
8699,0
8700,-1
8701,1
8702,1
8703,0
8704,-1
8705,-1
8706,1
8707,-1
8708,1
8709,-1
8710,-1
8711,0
8712,0
8713,1
8714,1
8715,1
8716,-1
8717,-1
8718,1
8719,1
8720,0
8721,0
8722,0
8723,-1
8724,1
8725,-1
8726,-1
8727,-1
8728,1
8729,1
8730,1
8731,-1
8732,0
8733,-1
8734,-1
8735,-1
8736,0
8737,0
8738,1
8739,1
8740,1
8741,-1
8742,1
8743,-1
8744,1
8745,1
8746,-1
8747,1
8748,0
8749,0
8750,-1
8751,-1
8752,0
8753,1
8754,1
8755,1
8756,1
8757,-1
8758,-1
8759,0
8760,1
8761,-1
8762,1
8763,0
8764,-1
8765,1
8766,0
8767,1
8768,1
8769,-1
8770,0
8771,0
8772,0
8773,-1
8774,1
8775,-1
8776,1
8777,-1
8778,1
8779,0
8780,-1
8781,0
8782,1
8783,0
8784,0
8785,1
8786,1
8787,1
8788,0
8789,1
8790,1
8791,-1
8792,-1
8793,0
8794,-1
8795,0
8796,-1
8797,-1
8798,0
8799,1
8800,-1
8801,-1
8802,0
8803,0
8804,1
8805,-1
8806,-1
8807,1
8808,-1
8809,1
8810,0
8811,1
8812,1
8813,1
8814,0
8815,-1
8816,1
8817,-1
8818,1
8819,0
8820,-1
8821,1
8822,-1
8823,-1
8824,1
8825,0
8826,-1
8827,0
8828,-1
8829,-1
8830,0
8831,0
8832,-1
8833,-1
8834,-1
8835,1
8836,-1
8837,0
8838,-1
8839,1
8840,1
8841,-1
8842,0
8843,0
8844,0
8845,1
8846,1
8847,-1
8848,1
8849,0
8850,1
8851,0
8852,0
8853,1
8854,-1
8855,1
8856,1
8857,0
8858,-1
8859,1
8860,0
8861,-1
8862,-1
8863,0
8864,-1
8865,0
8866,1
8867,1
8868,0
8869,0
8870,-1
8871,1
8872,-1
8873,-1
8874,0
8875,-1
8876,1
8877,-1
8878,-1
8879,-1
8880,1
8881,-1
8882,-1
8883,1
8884,-1
8885,-1
8886,-1
8887,0
8888,-1
8889,-1
8890,1
8891,1
8892,1
8893,1
8894,-1
8895,-1
8896,-1
8897,0
8898,1
8899,0
8900,1
8901,0
8902,0
8903,-1
8904,-1
8905,1
8906,0
8907,-1
8908,-1
8909,1
8910,0
8911,-1
8912,0
8913,0
8914,1
8915,-1
8916,1
8917,-1
8918,1
8919,0
8920,1
8921,-1
8922,0
8923,0
8924,1
8925,1
8926,1
8927,1
8928,-1
8929,0
8930,-1
8931,0
8932,1
8933,1
8934,0
8935,1
8936,0
8937,1
8938,-1
8939,1
8940,0
8941,0
8942,-1
8943,-1
8944,0
8945,0
8946,0
8947,1
8948,0
8949,1
8950,0
8951,0
8952,1
8953,-1
8954,0
8955,1
8956,0
8957,-1
8958,0
8959,1
8960,-1
8961,0
8962,1
8963,-1
8964,0
8965,-1
8966,1
8967,-1
8968,1
8969,1
8970,-1
8971,1
8972,-1
8973,1
8974,1
8975,0
8976,1
8977,0
8978,1
8979,-1
8980,0
8981,-1
8982,1
8983,1
8984,-1
8985,1
8986,-1
8987,1
8988,0
8989,1
8990,0
8991,-1
8992,-1
8993,-1
8994,-1
8995,0
8996,-1
8997,0
8998,0
8999,1
9000,0
9001,-1
9002,-1
9003,-1
9004,0
9005,1
9006,0
9007,0
9008,1
9009,0
9010,1
9011,-1
9012,0
9013,1
9014,-1
9015,-1
9016,0
9017,0
9018,-1
9019,0
9020,0
9021,1
9022,0
9023,1
9024,0
9025,1
9026,1
9027,0
9028,1
9029,-1
9030,-1
9031,0
9032,1
9033,1
9034,-1
9035,-1
9036,1
9037,0
9038,1
9039,1
9040,1
9041,-1
9042,0
9043,-1
9044,1
9045,1
9046,0
9047,1
9048,0
9049,-1
9050,0
9051,-1
9052,0
9053,0
9054,0
9055,0
9056,-1
9057,1
9058,-1
9059,-1
9060,-1
9061,-1
9062,0
9063,-1
9064,-1
9065,0
9066,0
9067,-1
9068,1
9069,1
9070,1
9071,-1
9072,1
9073,0
9074,0
9075,1
9076,0
9077,0
9078,1
9079,-1
9080,-1
9081,1
9082,0
9083,0
9084,1
9085,-1
9086,-1
9087,0
9088,0
9089,0
9090,-1
9091,-1
9092,-1
9093,1
9094,-1
9095,0
9096,1
9097,-1
9098,-1
9099,1
9100,-1
9101,0
9102,-1
9103,0
9104,0
9105,1
9106,0
9107,-1
9108,1
9109,-1
9110,1
9111,1
9112,1
9113,1
9114,1
9115,-1
9116,0
9117,0
9118,0
9119,-1
9120,0
9121,-1
9122,-1
9123,1
9124,1
9125,0
9126,1
9127,0
9128,0
9129,1
9130,0
9131,0
9132,0
9133,1
9134,1
9135,0
9136,1
9137,1
9138,1
9139,-1
9140,0
9141,-1
9142,0
9143,-1
9144,-1
9145,1
9146,0
9147,-1
9148,1
9149,0
9150,0
9151,0
9152,-1
9153,-1
9154,0
9155,1
9156,-1
9157,-1
9158,1
9159,-1
9160,1
9161,1
9162,0
9163,-1
9164,0
9165,-1
9166,1
9167,1
9168,1
9169,-1
9170,-1
9171,0
9172,1
9173,1
9174,1
9175,0
9176,-1
9177,-1
9178,1
9179,-1
9180,0
9181,1
9182,1
9183,-1
9184,-1
9185,-1
9186,-1
9187,0
9188,0
9189,1
9190,0
9191,1
9192,-1
9193,-1
9194,1
9195,1
9196,-1
9197,0
9198,1
9199,1
9200,0
9201,0
9202,-1
9203,1
9204,-1
9205,0
9206,-1
9207,0
9208,1
9209,0
9210,1
9211,1
9212,0
9213,-1
9214,0
9215,1
9216,1
9217,-1
9218,1
9219,1
9220,0
9221,-1
9222,-1
9223,1
9224,0
9225,-1
9226,0
9227,-1
9228,0
9229,-1
9230,0
9231,-1
9232,1
9233,-1
9234,0
9235,1
9236,0
9237,-1
9238,0
9239,0
9240,0
9241,-1
9242,0
9243,-1
9244,-1
9245,-1
9246,1
9247,-1
9248,0
9249,-1
9250,0
9251,1
9252,1
9253,1
9254,-1
9255,0
9256,0
9257,0
9258,0
9259,-1
9260,0
9261,0
9262,-1
9263,-1
9264,1
9265,0
9266,1
9267,1
9268,1
9269,1
9270,0
9271,1
9272,0
9273,0
9274,-1
9275,0
9276,0
9277,0
9278,0
9279,1
9280,1
9281,0
9282,-1
9283,1
9284,-1
9285,-1
9286,-1
9287,0
9288,0
9289,-1
9290,-1
9291,0
9292,1
9293,-1
9294,-1
9295,-1
9296,0
9297,1
9298,1
9299,0
9300,0
9301,0
9302,-1
9303,1
9304,1
9305,-1
9306,-1
9307,-1
9308,-1
9309,0
9310,0
9311,1
9312,1
9313,-1
9314,1
9315,1
9316,-1
9317,-1
9318,1
9319,-1
9320,0
9321,-1
9322,1
9323,0
9324,1
9325,1
9326,0
9327,1
9328,0
9329,0
9330,-1
9331,0
9332,1
9333,1
9334,1
9335,0
9336,0
9337,0
9338,1
9339,-1
9340,-1
9341,-1
9342,0
9343,1
9344,-1
9345,-1
9346,-1
9347,1
9348,-1
9349,1
9350,1
9351,-1
9352,0
9353,0
9354,1
9355,-1
9356,0
9357,-1
9358,1
9359,-1
9360,-1
9361,-1
9362,-1
9363,0
9364,-1
9365,0
9366,-1
9367,0
9368,0
9369,0
9370,0
9371,0
9372,-1
9373,1
9374,0
9375,1
9376,-1
9377,1
9378,1
9379,0
9380,0
9381,1
9382,1
9383,0
9384,0
9385,1
9386,-1
9387,0
9388,1
9389,1
9390,0
9391,1
9392,-1
9393,-1
9394,0
9395,0
9396,-1
9397,1
9398,1
9399,1
9400,-1
9401,1
9402,1
9403,-1
9404,1
9405,1
9406,0
9407,-1
9408,-1
9409,0
9410,1
9411,0
9412,0
9413,-1
9414,0
9415,-1
9416,0
9417,1
9418,-1
9419,1
9420,-1
9421,-1
9422,-1
9423,1
9424,-1
9425,1
9426,-1
9427,1
9428,0
9429,-1
9430,1
9431,1
9432,0
9433,-1
9434,1
9435,-1
9436,1
9437,1
9438,1
9439,0
9440,-1
9441,1
9442,-1
9443,-1
9444,1
9445,0
9446,-1
9447,1
9448,0
9449,-1
9450,0
9451,1
9452,1
9453,1
9454,-1
9455,1
9456,1
9457,1
9458,-1
9459,0
9460,1
9461,-1
9462,1
9463,-1
9464,-1
9465,0
9466,0
9467,-1
9468,0
9469,0
9470,0
9471,-1
9472,1
9473,0
9474,1
9475,-1
9476,-1
9477,0
9478,0
9479,1
9480,0
9481,1
9482,0
9483,0
9484,0
9485,0
9486,-1
9487,-1
9488,1
9489,-1
9490,1
9491,0
9492,-1
9493,0
9494,-1
9495,0
9496,1
9497,0
9498,0
9499,-1
9500,-1
9501,1
9502,0
9503,-1
9504,1
9505,1
9506,1
9507,1
9508,1
9509,1
9510,0
9511,-1
9512,1
9513,-1
9514,-1
9515,1
9516,0
9517,-1
9518,1
9519,0
9520,0
9521,-1
9522,0
9523,0
9524,1
9525,0
9526,-1
9527,-1
9528,-1
9529,-1
9530,-1
9531,0
9532,-1
9533,0
9534,0
9535,0
9536,1
9537,-1
9538,-1
9539,-1
9540,1
9541,-1
9542,1
9543,-1
9544,1
9545,-1
9546,-1
9547,0
9548,-1
9549,1
9550,1
9551,-1
9552,-1
9553,1
9554,0
9555,0
9556,0
9557,1
9558,0
9559,0
9560,0
9561,0
9562,-1
9563,1
9564,1
9565,1
9566,-1
9567,0
9568,-1
9569,-1
9570,1
9571,-1
9572,1
9573,0
9574,0
9575,0
9576,-1
9577,-1
9578,0
9579,-1
9580,0
9581,0
9582,0
9583,-1
9584,1
9585,-1
9586,0
9587,0
9588,0
9589,0
9590,-1
9591,0
9592,0
9593,0
9594,-1
9595,-1
9596,1
9597,-1
9598,1
9599,0
9600,0
9601,0
9602,-1
9603,-1
9604,1
9605,-1
9606,-1
9607,-1
9608,-1
9609,0
9610,1
9611,0
9612,1
9613,-1
9614,0
9615,-1
9616,1
9617,-1
9618,-1
9619,0
9620,1
9621,-1
9622,0
9623,-1
9624,-1
9625,0
9626,-1
9627,-1
9628,1
9629,1
9630,-1
9631,-1
9632,0
9633,0
9634,1
9635,0
9636,-1
9637,1
9638,0
9639,0
9640,0
9641,0
9642,0
9643,1
9644,-1
9645,1
9646,1
9647,0
9648,-1
9649,0
9650,0
9651,-1
9652,-1
9653,-1
9654,0
9655,0
9656,-1
9657,1
9658,-1
9659,1
9660,-1
9661,-1
9662,1
9663,0
9664,-1
9665,0
9666,1
9667,0
9668,0
9669,-1
9670,1
9671,1
9672,1
9673,1
9674,0
9675,1
9676,0
9677,0
9678,1
9679,-1
9680,-1
9681,-1
9682,-1
9683,-1
9684,0
9685,0
9686,-1
9687,0
9688,0
9689,1
9690,1
9691,-1
9692,-1
9693,-1
9694,1
9695,1
9696,0
9697,1
9698,1
9699,-1
9700,-1
9701,-1
9702,1
9703,1
9704,-1
9705,0
9706,1
9707,0
9708,0
9709,1
9710,1
9711,-1
9712,-1
9713,1
9714,0
9715,-1
9716,0
9717,-1
9718,-1
9719,0
9720,-1
9721,0
9722,0
9723,1
9724,-1
9725,0
9726,-1
9727,0
9728,1
9729,1
9730,1
9731,1
9732,-1
9733,0
9734,0
9735,1
9736,0
9737,0
9738,0
9739,1
9740,0
9741,0
9742,1
9743,-1
9744,-1
9745,0
9746,0
9747,0
9748,-1
9749,1
9750,-1
9751,-1
9752,-1
9753,-1
9754,-1
9755,-1
9756,0
9757,0
9758,0
9759,0
9760,0
9761,1
9762,-1
9763,0
9764,0
9765,-1
9766,1
9767,-1
9768,1
9769,1
9770,1
9771,-1
9772,1
9773,1
9774,-1
9775,0
9776,0
9777,1
9778,-1
9779,-1
9780,0
9781,0
9782,-1
9783,0
9784,1
9785,1
9786,-1
9787,0
9788,-1
9789,1
9790,0
9791,-1
9792,-1
9793,-1
9794,0
9795,1
9796,1
9797,0
9798,-1
9799,0
9800,0
9801,1
9802,-1
9803,-1
9804,1
9805,-1
9806,0
9807,-1
9808,0
9809,-1
9810,1
9811,1
9812,1
9813,-1
9814,1
9815,0
9816,0
9817,1
9818,-1
9819,-1
9820,-1
9821,-1
9822,-1
9823,-1
9824,0
9825,1
9826,1
9827,-1
9828,1
9829,1
9830,1
9831,-1
9832,-1
9833,-1
9834,-1
9835,0
9836,0
9837,-1
9838,-1
9839,-1
9840,-1
9841,0
9842,0
9843,0
9844,0
9845,1
9846,-1
9847,0
9848,0
9849,1
9850,-1
9851,1
9852,0
9853,1
9854,-1
9855,0
9856,0
9857,-1
9858,1
9859,0
9860,0
9861,1
9862,-1
9863,-1
9864,1
9865,0
9866,1
9867,1
9868,1
9869,-1
9870,-1
9871,1
9872,1
9873,0
9874,1
9875,1
9876,-1
9877,-1
9878,1
9879,0
9880,0
9881,0
9882,1
9883,0
9884,1
9885,1
9886,-1
9887,-1
9888,-1
9889,-1
9890,0
9891,-1
9892,-1
9893,0
9894,1
9895,-1
9896,1
9897,1
9898,1
9899,0
9900,0
9901,-1
9902,1
9903,-1
9904,0
9905,-1
9906,1
9907,1
9908,1
9909,1
9910,-1
9911,-1
9912,0
9913,0
9914,0
9915,0
9916,1
9917,-1
9918,0
9919,0
9920,0
9921,0
9922,0
9923,1
9924,0
9925,1
9926,1
9927,0
9928,0
9929,1
9930,1
9931,-1
9932,0
9933,-1
9934,0
9935,-1
9936,0
9937,1
9938,0
9939,1
9940,-1
9941,0
9942,0
9943,0
9944,1
9945,0
9946,1
9947,0
9948,1
9949,-1
9950,1
9951,-1
9952,-1
9953,0
9954,1
9955,0
9956,1
9957,0
9958,1
9959,-1
9960,1
9961,0
9962,0
9963,-1
9964,-1
9965,1
9966,0
9967,1
9968,0
9969,-1
9970,-1
9971,1
9972,1
9973,0
9974,-1
9975,1
9976,1
9977,0
9978,1
9979,-1
9980,1
9981,0
9982,-1
9983,0
9984,-1
9985,-1
9986,-1
9987,0
9988,-1
9989,-1
9990,0
9991,0
9992,1
9993,1
9994,0
9995,0
9996,0
9997,1
9998,0
9999,-1
10000,-1
10001,-1
10002,0
10003,-1
10004,0
10005,1
10006,-1
10007,-1
10008,-1
10009,-1
10010,1
10011,0
10012,0
10013,-1
10014,1
10015,1
10016,-1
10017,-1
10018,0
10019,1
10020,0
10021,-1
10022,-1
10023,-1
10024,-1
10025,0
10026,0
10027,-1
10028,-1
10029,-1
10030,-1
10031,1
10032,1
10033,-1
10034,0
10035,1
10036,-1
10037,0
10038,1
10039,-1
10040,-1
10041,1
10042,0
10043,0
10044,0
10045,0
10046,1
10047,-1
10048,1
10049,0
10050,0
10051,1
10052,0
10053,1
10054,-1
10055,0
10056,0
10057,-1
10058,-1
10059,-1
10060,0
10061,0
10062,1
10063,0
10064,-1
10065,0
10066,1
10067,-1
10068,-1
10069,-1
10070,0
10071,-1
10072,1
10073,-1
10074,0
10075,1
10076,-1
10077,-1
10078,0
10079,-1
10080,1
10081,-1
10082,-1
10083,0
10084,1
10085,-1
10086,0
10087,-1
10088,-1
10089,0
10090,0
10091,-1
10092,0
10093,1
10094,-1
10095,0
10096,0
10097,-1
10098,0
10099,0
10100,1
10101,0
10102,1
10103,0
10104,-1
10105,0
10106,0
10107,-1
10108,1
10109,0
10110,1
10111,-1
10112,-1
10113,1
10114,0
10115,0
10116,-1
10117,-1
10118,-1
10119,0
10120,1
10121,1
10122,1
10123,-1
10124,0
10125,-1
10126,1
10127,1
10128,0
10129,-1
10130,0
10131,-1
10132,-1
10133,1
10134,1
10135,0
10136,1
10137,-1
10138,0
10139,-1
10140,1
10141,-1
10142,0
10143,-1
10144,-1
10145,0
10146,1
10147,-1
10148,0
10149,1
10150,1
10151,-1
10152,0
10153,1
10154,-1
10155,1
10156,-1
10157,-1
10158,0
10159,0
10160,1
10161,1
10162,-1
10163,0
10164,-1
10165,1
10166,1
10167,1
10168,1
10169,0
10170,1
10171,-1
10172,1
10173,-1
10174,0
10175,1
10176,1
10177,0
10178,-1
10179,0
10180,-1
10181,0
10182,0
10183,-1
10184,0
10185,-1
10186,0
10187,-1
10188,1
10189,1
10190,0
10191,1
10192,-1
10193,-1
10194,-1
10195,1
10196,-1
10197,1
10198,-1
10199,-1
10200,1
10201,0
10202,-1
10203,-1
10204,-1
10205,1
10206,1
10207,-1
10208,1
10209,-1
10210,0
10211,-1
10212,-1
10213,0
10214,0
10215,-1
10216,-1
10217,1
10218,1
10219,1
10220,1
10221,1
10222,-1
10223,-1
10224,1
10225,1
10226,0
10227,1
10228,0
10229,0
10230,0
10231,1
10232,1
10233,1
10234,0
10235,0
10236,0
10237,1
10238,0
10239,0
10240,-1
10241,0
10242,0
10243,-1
10244,-1
10245,-1
10246,0
10247,0
10248,1
10249,1
10250,1
10251,1
10252,-1
10253,0
10254,0
10255,-1
10256,1
10257,-1
10258,-1
10259,1
10260,-1
10261,0
10262,-1
10263,-1
10264,0
10265,1
10266,1
10267,-1
10268,1
10269,-1
10270,-1
10271,-1
10272,-1
10273,0
10274,0
10275,0
10276,1
10277,0
10278,-1
10279,-1
10280,0
10281,1
10282,0
10283,0
10284,0
10285,-1
10286,-1
10287,0
10288,0
10289,-1
10290,0
10291,-1
10292,0
10293,1
10294,1
10295,0
10296,-1
10297,0
10298,-1
10299,1
10300,1
10301,0
10302,1
10303,1
10304,0
10305,-1
10306,-1
10307,0
10308,1
10309,0
10310,-1
10311,0
10312,-1
10313,1
10314,0
10315,1
10316,1
10317,0
10318,1
10319,-1
10320,1
10321,-1
10322,-1
10323,1
10324,1
10325,1
10326,0
10327,1
10328,1
10329,0
10330,0
10331,0
10332,1
10333,1
10334,1
10335,-1
10336,1
10337,0
10338,-1
10339,1
10340,-1
10341,1
10342,0
10343,1
10344,0
10345,0
10346,0
10347,0
10348,1
10349,1
10350,-1
10351,-1
10352,-1
10353,1
10354,1
10355,0
10356,-1
10357,1
10358,0
10359,0
10360,0
10361,1
10362,0
10363,1
10364,1
10365,1
10366,1
10367,0
10368,-1
10369,1
10370,0
10371,-1
10372,-1
10373,-1
10374,-1
10375,1
10376,1
10377,1
10378,-1
10379,1
10380,0
10381,-1
10382,1
10383,0
10384,-1
10385,1
10386,-1
10387,-1
10388,-1
10389,-1
10390,0
10391,0
10392,-1
10393,1
10394,1
10395,0
10396,0
10397,-1
10398,-1
10399,-1
10400,-1
10401,1
10402,-1
10403,-1
10404,1
10405,0
10406,1
10407,0
10408,1
10409,1
10410,0
10411,0
10412,1
10413,-1
10414,1
10415,1
10416,0
10417,-1
10418,0
10419,1
10420,-1
10421,-1
10422,0
10423,0
10424,-1
10425,-1
10426,0
10427,1
10428,0
10429,0
10430,0
10431,0
10432,1
10433,0
10434,-1
10435,0
10436,0
10437,0
10438,1
10439,-1
10440,-1
10441,-1
10442,-1
10443,1
10444,0
10445,-1
10446,-1
10447,-1
10448,-1
10449,-1
10450,-1
10451,0
10452,0
10453,-1
10454,0
10455,-1
10456,-1
10457,1
10458,0
10459,-1
10460,0
10461,0
10462,0
10463,0
10464,-1
10465,0
10466,-1
10467,0
10468,0
10469,1
10470,0
10471,-1
10472,1
10473,0
10474,0
10475,1
10476,-1
10477,1
10478,1
10479,0
10480,-1
10481,1
10482,-1
10483,1
10484,0
10485,-1
10486,1
10487,1
10488,0
10489,-1
10490,1
10491,-1
10492,0
10493,0
10494,-1
10495,1
10496,-1
10497,0
10498,1
10499,1
10500,1
10501,-1
10502,0
10503,-1
10504,0
10505,-1
10506,1
10507,-1
10508,1
10509,0
10510,-1
10511,-1
10512,0
10513,1
10514,0
10515,1
10516,0
10517,-1
10518,-1
10519,-1
10520,-1
10521,0
10522,0
10523,-1
10524,0
10525,1
10526,-1
10527,0
10528,0
10529,0
10530,0
10531,-1
10532,1
10533,-1
10534,0
10535,1
10536,1
10537,1
10538,1
10539,0
10540,1
10541,0
10542,1
10543,0
10544,0
10545,1
10546,1
10547,-1
10548,1
10549,-1
10550,-1
10551,1
10552,0
10553,-1
10554,1
10555,1
10556,1
10557,0
10558,-1
10559,-1
10560,1
10561,1
10562,1
10563,0
10564,0
10565,1
10566,1
10567,-1
10568,1
10569,1
10570,0
10571,0
10572,0
10573,1
10574,0
10575,0
10576,0
10577,0
10578,1
10579,-1
10580,0
10581,-1
10582,1
10583,-1
10584,0
10585,-1
10586,-1
10587,1
10588,1
10589,0
10590,-1
10591,0
10592,-1
10593,1
10594,-1
10595,-1
10596,-1
10597,1
10598,-1
10599,-1
10600,0
10601,0
10602,-1
10603,-1
10604,0
10605,-1
10606,-1
10607,1
10608,-1
10609,-1
10610,-1
10611,-1
10612,0
10613,1
10614,0
10615,-1
10616,1
10617,-1
10618,-1
10619,1
10620,0
10621,-1
10622,-1
10623,-1
10624,-1
10625,0
10626,1
10627,1
10628,-1
10629,0
10630,1
10631,-1
10632,1
10633,-1
10634,-1
10635,0
10636,0
10637,1
10638,1
10639,0
10640,0
10641,-1
10642,1
10643,1
10644,-1
10645,0
10646,1
10647,1
10648,0
10649,1
10650,0
10651,1
10652,1
10653,0
10654,0
10655,-1
10656,-1
10657,-1
10658,-1
10659,1
10660,0
10661,0
10662,0
10663,0
10664,-1
10665,-1
10666,1
10667,1
10668,-1
10669,1
10670,0
10671,-1
10672,0
10673,-1
10674,1
10675,1
10676,0
10677,-1
10678,0
10679,0
10680,-1
10681,1
10682,1
10683,0
10684,-1
10685,1
10686,1
10687,0
10688,0
10689,0
10690,0
10691,-1
10692,1
10693,1
10694,0
10695,1
10696,1
10697,-1
10698,-1
10699,1
10700,-1
10701,-1
10702,1
10703,1
10704,1
10705,-1
10706,1
10707,1
10708,0
10709,1
10710,0
10711,0
10712,0
10713,1
10714,-1
10715,0
10716,1
10717,0
10718,1
10719,1
10720,1
10721,1
10722,-1
10723,0
10724,1
10725,1
10726,-1
10727,0
10728,-1
10729,-1
10730,0
10731,1
10732,-1
10733,1
10734,1
10735,0
10736,1
10737,-1
10738,0
10739,-1
10740,1
10741,1
10742,1
10743,0
10744,1
10745,1
10746,1
10747,1
10748,-1
10749,1
10750,1
10751,0
10752,-1
10753,-1
10754,-1
10755,1
10756,-1
10757,0
10758,-1
10759,0
10760,1
10761,0
10762,0
10763,0
10764,-1
10765,1
10766,0
10767,-1
10768,1
10769,-1
10770,1
10771,0
10772,1
10773,-1
10774,1
10775,1
10776,0
10777,-1
10778,-1
10779,1
10780,1
10781,-1
10782,0
10783,1
10784,-1
10785,1
10786,-1
10787,0
10788,-1
10789,0
10790,0
10791,0
10792,0
10793,-1
10794,0
10795,0
10796,-1
10797,1
10798,0
10799,0
10800,-1
10801,1
10802,1
10803,1
10804,0
10805,1
10806,0
10807,-1
10808,1
10809,0
10810,-1
10811,0
10812,0
10813,1
10814,1
10815,1
10816,1
10817,1
10818,0
10819,-1
10820,-1
10821,1
10822,1
10823,0
10824,1
10825,0
10826,-1
10827,-1
10828,0
10829,-1
10830,0
10831,-1
10832,1
10833,0
10834,0
10835,0
10836,-1
10837,1
10838,0
10839,0
10840,0
10841,-1
10842,0
10843,1
10844,0
10845,0
10846,1
10847,1
10848,-1
10849,0
10850,-1
10851,1
10852,-1
10853,1
10854,1
10855,1
10856,1
10857,1
10858,-1
10859,1
10860,0
10861,-1
10862,0
10863,0
10864,1
10865,1
10866,0
10867,1
10868,0
10869,1
10870,1
10871,-1
10872,-1
10873,-1
10874,-1
10875,0
10876,0
10877,0
10878,-1
10879,-1
10880,-1
10881,1
10882,-1
10883,1
10884,-1
10885,1
10886,1
10887,0
10888,0
10889,-1
10890,-1
10891,-1
10892,1
10893,1
10894,-1
10895,1
10896,1
10897,0
10898,-1
10899,-1
10900,1
10901,1
10902,1
10903,1
10904,-1
10905,1
10906,1
10907,-1
10908,0
10909,1
10910,-1
10911,0
10912,-1
10913,1
10914,1
10915,1
10916,-1
10917,1
10918,0
10919,0
10920,1
10921,1
10922,1
10923,-1
10924,-1
10925,-1
10926,0
10927,1
10928,0
10929,0
10930,0
10931,0
10932,0
10933,0
10934,0
10935,-1
10936,1
10937,1
10938,-1
10939,0
10940,1
10941,0
10942,-1
10943,0
10944,-1
10945,-1
10946,-1
10947,0
10948,0
10949,0
10950,1
10951,0
10952,1
10953,-1
10954,-1
10955,1
10956,0
10957,0
10958,1
10959,0
10960,-1
10961,1
10962,1
10963,1
10964,0
10965,-1
10966,-1
10967,0
10968,-1
10969,0
10970,0
10971,0
10972,-1
10973,0
10974,-1
10975,1
10976,-1
10977,-1
10978,1
10979,1
10980,1
10981,-1
10982,1
10983,-1
10984,1
10985,1
10986,0
10987,-1
10988,-1
10989,0
10990,0
10991,0
10992,-1
10993,1
10994,1
10995,0
10996,-1
10997,-1
10998,0
10999,1
11000,1
11001,1
11002,0
11003,0
11004,-1
11005,1
11006,0
11007,1
11008,1
11009,0
11010,0
11011,-1
11012,1
11013,1
11014,-1
11015,0
11016,-1
11017,0
11018,-1
11019,1
11020,-1
11021,1
11022,1
11023,1
11024,1
11025,0
11026,1
11027,-1
11028,0
11029,-1
11030,-1
11031,0
11032,-1
11033,-1
11034,-1
11035,0
11036,-1
11037,-1
11038,1
11039,0
11040,1
11041,0
11042,0
11043,-1
11044,-1
11045,0
11046,0
11047,1
11048,-1
11049,-1
11050,1
11051,1
11052,1
11053,0
11054,-1
11055,1
11056,1
11057,0
11058,0
11059,0
11060,1
11061,1
11062,-1
11063,0
11064,1
11065,-1
11066,1
11067,-1
11068,-1
11069,0
11070,-1
11071,-1
11072,1
11073,0
11074,-1
11075,-1
11076,1
11077,0
11078,-1
11079,1
11080,-1
11081,0
11082,1
11083,1
11084,0
11085,-1
11086,1
11087,0
11088,1
11089,1
11090,1
11091,-1
11092,-1
11093,1
11094,1
11095,0
11096,0
11097,1
11098,0
11099,0
11100,1
11101,1
11102,0
11103,1
11104,-1
11105,-1
11106,1
11107,1
11108,0
11109,1
11110,-1
11111,-1
11112,0
11113,-1
11114,1
11115,-1
11116,-1
11117,0
11118,-1
11119,0
11120,0
11121,1
11122,-1
11123,1
11124,1
11125,1
11126,0
11127,1
11128,-1
11129,0
11130,0
11131,-1
11132,0
11133,-1
11134,-1
11135,-1
11136,-1
11137,1
11138,-1
11139,-1
11140,-1
11141,-1
11142,0
11143,-1
11144,-1
11145,-1
11146,0
11147,1
11148,1
11149,0
11150,0
11151,0
11152,1
11153,1
11154,-1
11155,1
11156,-1
11157,0
11158,1
11159,-1
11160,1
11161,0
11162,1
11163,0
11164,0
11165,0
11166,-1
11167,1
11168,0
11169,-1
11170,-1
11171,0
11172,0
11173,-1
11174,0
11175,-1
11176,1
11177,0
11178,-1
11179,1
11180,-1
11181,0
11182,1
11183,1
11184,0
11185,1
11186,0
11187,1
11188,0
11189,1
11190,-1
11191,-1
11192,1
11193,0
11194,-1
11195,0
11196,1
11197,1
11198,0
11199,0
11200,1
11201,-1
11202,0
11203,0
11204,-1
11205,0
11206,0
11207,1
11208,-1
11209,-1
11210,1
11211,-1
11212,0
11213,1
11214,0
11215,1
11216,1
11217,0
11218,0
11219,0
11220,0
11221,-1
11222,1
11223,-1
11224,-1
11225,0
11226,1
11227,-1
11228,1
11229,0
11230,1
11231,-1
11232,1
11233,-1
11234,-1
11235,1
11236,-1
11237,-1
11238,-1
11239,1
11240,1
11241,-1
11242,1
11243,-1
11244,-1
11245,-1
11246,0
11247,-1
11248,1
11249,-1
11250,0
11251,1
11252,0
11253,1
11254,1
11255,0
11256,1
11257,0
11258,-1
11259,1
11260,-1
11261,-1
11262,-1
11263,-1
11264,1
11265,0
11266,0
11267,-1
11268,1
11269,1
11270,0
11271,-1
11272,-1
11273,0
11274,1
11275,1
11276,0
11277,1
11278,1
11279,-1
11280,1
11281,-1
11282,0
11283,1
11284,1
11285,0
11286,-1
11287,0
11288,1
11289,-1
11290,1
11291,-1
11292,1
11293,0
11294,-1
11295,1
11296,1
11297,1
11298,1
11299,1
11300,-1
11301,0
11302,1
11303,-1
11304,-1
11305,0
11306,-1
11307,1
11308,1
11309,0
11310,-1
11311,1
11312,-1
11313,-1
11314,-1
11315,0
11316,0
11317,0
11318,1
11319,0
11320,1
11321,1
11322,1
11323,1
11324,0
11325,-1
11326,0
11327,0
11328,0
11329,1
11330,0
11331,0
11332,1
11333,-1
11334,0
11335,0
11336,1
11337,-1
11338,-1
11339,-1
11340,-1
11341,1
11342,-1
11343,-1
11344,0
11345,-1
11346,0
11347,-1
11348,1
11349,0
11350,1
11351,0
11352,0
11353,1
11354,-1
11355,0
11356,1
11357,0
11358,-1
11359,1
11360,0
11361,-1
11362,-1
11363,1
11364,-1
11365,-1
11366,0
11367,-1
11368,0
11369,0
11370,0
11371,-1
11372,-1
11373,1
11374,1
11375,-1
11376,-1
11377,-1
11378,1
11379,1
11380,1
11381,-1
11382,0
11383,-1
11384,-1
11385,0
11386,-1
11387,1
11388,-1
11389,0
11390,-1
11391,-1
11392,1
11393,0
11394,1
11395,0
11396,0
11397,1
11398,1
11399,0
11400,-1
11401,1
11402,0
11403,1
11404,-1
11405,1
11406,0
11407,-1
11408,-1
11409,0
11410,1
11411,0
11412,-1
11413,-1
11414,1
11415,-1
11416,-1
11417,1
11418,0
11419,-1
11420,-1
11421,0
11422,-1
11423,0
11424,-1
11425,0
11426,1
11427,-1
11428,0
11429,1
11430,0
11431,-1
11432,0
11433,-1
11434,-1
11435,-1
11436,0
11437,0
11438,0
11439,-1
11440,1
11441,-1
11442,1
11443,-1
11444,0
11445,1
11446,0
11447,0
11448,1
11449,-1
11450,0
11451,0
11452,0
11453,1
11454,1
11455,0
11456,0
11457,0
11458,0
11459,0
11460,-1
11461,0
11462,0
11463,-1
11464,1
11465,1
11466,0
11467,-1
11468,1
11469,1
11470,-1
11471,1
11472,-1
11473,0
11474,-1
11475,0
11476,0
11477,1
11478,-1
11479,-1
11480,1
11481,1
11482,-1
11483,-1
11484,1
11485,0
11486,1
11487,0
11488,0
11489,0
11490,-1
11491,1
11492,1
11493,1
11494,-1
11495,-1
11496,0
11497,0
11498,1
11499,-1
11500,-1
11501,-1
11502,1
11503,0
11504,1
11505,-1
11506,1
11507,-1
11508,1
11509,1
11510,1
11511,0
11512,-1
11513,0
11514,1
11515,-1
11516,-1
11517,1
11518,1
11519,-1
11520,1
11521,1
11522,0
11523,-1
11524,0
11525,-1
11526,-1
11527,1
11528,-1
11529,0
11530,1
11531,-1
11532,1
11533,0
11534,-1
11535,-1
11536,1
11537,1
11538,1
11539,-1
11540,0
11541,1
11542,-1
11543,1
11544,-1
11545,-1
11546,0
11547,-1
11548,0
11549,1
11550,0
11551,-1
11552,0
11553,-1
11554,1
11555,1
11556,-1
11557,0
11558,-1
11559,0
11560,0
11561,1
11562,0
11563,1
11564,1
11565,-1
11566,-1
11567,-1
11568,1
11569,1
11570,0
11571,1
11572,-1
11573,-1
11574,-1
11575,1
11576,0
11577,-1
11578,0
11579,-1
11580,1
11581,0
11582,0
11583,1
11584,1
11585,1
11586,0
11587,-1
11588,0
11589,-1
11590,0
11591,1
11592,1
11593,1
11594,1
11595,0
11596,-1
11597,1
11598,0
11599,0
11600,-1
11601,-1
11602,-1
11603,1
11604,-1
11605,0
11606,1
11607,0
11608,-1
11609,-1
11610,0
11611,0
11612,-1
11613,1
11614,1
11615,-1
11616,1
11617,-1
11618,-1
11619,1
11620,0
11621,0
11622,0
11623,-1
11624,1
11625,0
11626,0
11627,0
11628,0
11629,-1
11630,1
11631,0
11632,0
11633,-1
11634,-1
11635,0
11636,-1
11637,0
11638,-1
11639,-1
11640,-1
11641,1
11642,-1
11643,-1
11644,1
11645,0
11646,0
11647,1
11648,0
11649,1
11650,1
11651,-1
11652,0
11653,1
11654,0
11655,0
11656,-1
11657,-1
11658,1
11659,1
11660,1
11661,1
11662,1
11663,1
11664,1
11665,1
11666,1
11667,-1
11668,1
11669,1
11670,-1
11671,-1
11672,-1
11673,-1
11674,0
11675,1
11676,0
11677,-1
11678,1
11679,0
11680,1
11681,-1
11682,1
11683,-1
11684,0
11685,-1
11686,-1
11687,0
11688,0
11689,-1
11690,1
11691,1
11692,-1
11693,0
11694,0
11695,0
11696,-1
11697,1
11698,0
11699,-1
11700,0
11701,1
11702,1
11703,0
11704,-1
11705,1
11706,-1
11707,0
11708,1
11709,-1
11710,-1
11711,0
11712,1
11713,-1
11714,-1
11715,1
11716,1
11717,1
11718,1
11719,1
11720,-1
11721,1
11722,-1
11723,0
11724,0
11725,-1
11726,0
11727,0
11728,-1
11729,-1
11730,1
11731,-1
11732,1
11733,-1
11734,-1
11735,0
11736,0
11737,-1
11738,-1
11739,-1
11740,0
11741,-1
11742,1
11743,-1
11744,1
11745,-1
11746,1
11747,-1
11748,1
11749,1
11750,1
11751,0
11752,-1
11753,1
11754,1
11755,-1
11756,-1
11757,0
11758,0
11759,-1
11760,-1
11761,1
11762,1
11763,1
11764,1
11765,-1
11766,0
11767,1
11768,0
11769,-1
11770,-1
11771,0
11772,0
11773,0
11774,-1
11775,0
11776,0
11777,-1
11778,1
11779,-1
11780,0
11781,1
11782,0
11783,0
11784,0
11785,0
11786,-1
11787,1
11788,-1
11789,-1
11790,-1
11791,1
11792,-1
11793,-1
11794,-1
11795,-1
11796,-1
11797,0
11798,-1
11799,0
11800,-1
11801,0
11802,0
11803,-1
11804,0
11805,-1
11806,1
11807,0
11808,1
11809,0
11810,0
11811,-1
11812,0
11813,-1
11814,-1
11815,1
11816,0
11817,-1
11818,0
11819,-1
11820,0
11821,0
11822,0
11823,-1
11824,1
11825,0
11826,-1
11827,-1
11828,1
11829,0
11830,1
11831,0
11832,0
11833,0
11834,0
11835,0
11836,-1
11837,0
11838,0
11839,0
11840,0
11841,-1
11842,-1
11843,0
11844,-1
11845,0
11846,-1
11847,1
11848,0
11849,-1
11850,-1
11851,-1
11852,0
11853,1
11854,1
11855,0
11856,1
11857,1
11858,1
11859,-1
11860,0
11861,-1
11862,1
11863,1
11864,0
11865,1
11866,-1
11867,1
11868,1
11869,-1
11870,0
11871,-1
11872,0
11873,0
11874,0
11875,0
11876,1
11877,-1
11878,0
11879,-1
11880,0
11881,0
11882,1
11883,1
11884,1
11885,-1
11886,1
11887,0
11888,1
11889,-1
11890,-1
11891,0
11892,0
11893,1
11894,1
11895,-1
11896,-1
11897,1
11898,0
11899,0
11900,0
11901,1
11902,0
11903,1
11904,0
11905,-1
11906,1
11907,-1
11908,-1
11909,1
11910,-1
11911,1
11912,1
11913,1
11914,1
11915,0
11916,1
11917,-1
11918,-1
11919,1
11920,0
11921,1
11922,-1
11923,-1
11924,0
11925,-1
11926,0
11927,-1
11928,0
11929,-1
11930,1
11931,1
11932,1
11933,1
11934,0
11935,0
11936,0
11937,0
11938,1
11939,-1
11940,0
11941,0
11942,-1
11943,0
11944,-1
11945,0
11946,-1
11947,1
11948,-1
11949,-1
11950,1
11951,-1
11952,-1
11953,-1
11954,0
11955,-1
11956,-1
11957,-1
11958,1
11959,-1
11960,-1
11961,-1
11962,-1
11963,0
11964,0
11965,1
11966,1
11967,0
11968,-1
11969,-1
11970,-1
11971,0
11972,1
11973,0
11974,-1
11975,0
11976,1
11977,0
11978,1
11979,0
11980,0
11981,1
11982,-1
11983,-1
11984,-1
11985,-1
11986,0
11987,-1
11988,-1
11989,0
11990,1
11991,-1
11992,1
11993,0
11994,0
11995,0
11996,-1
11997,-1
11998,0
11999,1
12000,0
12001,-1
12002,0
12003,-1
12004,0
12005,-1
12006,-1
12007,0
12008,-1
12009,0
12010,0
12011,1
12012,1
12013,1
12014,1
12015,-1
12016,1
12017,-1
12018,1
12019,0
12020,-1
12021,-1
12022,-1
12023,-1
12024,0
12025,-1
12026,-1
12027,-1
12028,-1
12029,1
12030,0
12031,-1
12032,-1
12033,0
12034,1
12035,-1
12036,-1
12037,-1
12038,1
12039,-1
12040,0
12041,1
12042,-1
12043,0
12044,-1
12045,-1
12046,-1
12047,0
12048,-1
12049,-1
12050,0
12051,-1
12052,0
12053,-1
12054,1
12055,0
12056,0
12057,0
12058,-1
12059,1
12060,0
12061,-1
12062,-1
12063,0
12064,-1
12065,0
12066,-1
12067,0
12068,-1
12069,0
12070,0
12071,1
12072,0
12073,0
12074,0
12075,0
12076,-1
12077,-1
12078,0
12079,0
12080,-1
12081,0
12082,-1
12083,-1
12084,0
12085,0
12086,1
12087,1
12088,1
12089,1
12090,1
12091,-1
12092,0
12093,-1
12094,1
12095,0
12096,1
12097,-1
12098,0
12099,0
12100,-1
12101,1
12102,1
12103,1
12104,1
12105,1
12106,0
12107,-1
12108,1
12109,0
12110,1
12111,0
12112,1
12113,1
12114,0
12115,1
12116,0
12117,1
12118,-1
12119,-1
12120,0
12121,0
12122,-1
12123,0
12124,1
12125,0
12126,0
12127,-1
12128,0
12129,-1
12130,-1
12131,-1
12132,0
12133,0
12134,-1
12135,0
12136,0
12137,0
12138,-1
12139,0
12140,1
12141,1
12142,0
12143,0
12144,-1
12145,1
12146,-1
12147,-1
12148,1
12149,-1
12150,1
12151,1
12152,-1
12153,-1
12154,-1
12155,0
12156,0
12157,0
12158,-1
12159,-1
12160,0
12161,1
12162,0
12163,0
12164,0
12165,0
12166,-1
12167,0
12168,-1
12169,-1
12170,-1
12171,-1
12172,1
12173,1
12174,-1
12175,1
12176,-1
12177,-1
12178,-1
12179,-1
12180,1
12181,1
12182,-1
12183,0
12184,0
12185,1
12186,-1
12187,-1
12188,-1
12189,-1
12190,-1
12191,1
12192,-1
12193,1
12194,1
12195,0
12196,-1
12197,0
12198,0
12199,1
12200,-1
12201,0
12202,0
12203,0
12204,1
12205,0
12206,1
12207,1
12208,-1
12209,0
12210,1
12211,-1
12212,-1
12213,0
12214,-1
12215,1
12216,0
12217,0
12218,1
12219,0
12220,-1
12221,-1
12222,-1
12223,-1
12224,1
12225,0
12226,-1
12227,1
12228,1
12229,0
12230,-1
12231,0
12232,1
12233,0
12234,0
12235,1
12236,0
12237,0
12238,1
12239,-1
12240,1
12241,1
12242,-1
12243,0
12244,1
12245,1
12246,-1
12247,0
12248,1
12249,0
12250,0
12251,0
12252,1
12253,-1
12254,0
12255,-1
12256,1
12257,-1
12258,-1
12259,0
12260,1
12261,-1
12262,1
12263,0
12264,0
12265,-1
12266,0
12267,-1
12268,1
12269,-1
12270,-1
12271,1
12272,-1
12273,1
12274,1
12275,0
12276,-1
12277,1
12278,0
12279,-1
12280,0
12281,-1
12282,-1
12283,-1
12284,0
12285,0
12286,1
12287,-1
12288,1
12289,1
12290,1
12291,-1
12292,1
12293,1
12294,0
12295,-1
12296,-1
12297,0
12298,1
12299,-1
12300,-1
12301,1
12302,0
12303,-1
12304,1
12305,1
12306,-1
12307,-1
12308,1
12309,-1
12310,1
12311,-1
12312,-1
12313,0
12314,1
12315,-1
12316,-1
12317,0
12318,1
12319,0
12320,-1
12321,1
12322,1
12323,1
12324,-1
12325,1
12326,-1
12327,0
12328,1
12329,-1
12330,0
12331,0
12332,0
12333,1
12334,0
12335,0
12336,-1
12337,-1
12338,1
12339,-1
12340,1
12341,0
12342,0
12343,-1
12344,0
12345,0
12346,-1
12347,0
12348,0
12349,-1
12350,1
12351,-1
12352,1
12353,-1
12354,0
12355,0
12356,-1
12357,0
12358,-1
12359,0
12360,0
12361,-1
12362,0
12363,0
12364,-1
12365,-1
12366,0
12367,1
12368,1
12369,0
12370,0
12371,-1
12372,1
12373,-1
12374,1
12375,-1
12376,0
12377,-1
12378,0
12379,1
12380,0
12381,-1
12382,-1
12383,-1
12384,1
12385,1
12386,0
12387,1
12388,0
12389,1
12390,1
12391,-1
12392,1
12393,1
12394,0
12395,-1
12396,0
12397,1
12398,-1
12399,1
12400,-1
12401,-1
12402,0
12403,0
12404,-1
12405,1
12406,-1
12407,0
12408,1
12409,1
12410,0
12411,0
12412,1
12413,1
12414,0
12415,1
12416,-1
12417,1
12418,-1
12419,1
12420,1
12421,-1
12422,-1
12423,1
12424,-1
12425,1
12426,-1
12427,0
12428,0
12429,1
12430,-1
12431,0
12432,0
12433,-1
12434,-1
12435,0
12436,-1
12437,0
12438,1
12439,1
12440,-1
12441,1
12442,0
12443,-1
12444,0
12445,-1
12446,-1
12447,0
12448,1
12449,-1
12450,1
12451,0
12452,0
12453,-1
12454,-1
12455,-1
12456,1
12457,1
12458,-1
12459,0
12460,0
12461,-1
12462,-1
12463,1
12464,0
12465,1
12466,-1
12467,0
12468,0
12469,-1
12470,1
12471,1
12472,0
12473,1
12474,-1
12475,0
12476,-1
12477,-1
12478,0
12479,0
12480,-1
12481,-1
12482,0
12483,-1
12484,-1
12485,1
12486,1
12487,-1
12488,1
12489,-1
12490,0
12491,0
12492,1
12493,-1
12494,1
12495,0
12496,-1
12497,0
12498,1
12499,-1
12500,-1
12501,-1
12502,-1
12503,0
12504,1
12505,1
12506,-1
12507,0
12508,-1
12509,1
12510,0
12511,0
12512,-1
12513,1
12514,-1
12515,0
12516,1
12517,0
12518,0
12519,1
12520,1
12521,-1
12522,-1
12523,-1
12524,0
12525,1
12526,0
12527,0
12528,0
12529,1
12530,0
12531,-1
12532,0
12533,-1
12534,-1
12535,0
12536,-1
12537,-1
12538,0
12539,0
12540,-1
12541,1
12542,0
12543,0
12544,-1
12545,-1
12546,0
12547,-1
12548,-1
12549,-1
12550,0
12551,1
12552,1
12553,-1
12554,0
12555,1
12556,0
12557,-1
12558,1
12559,-1
12560,-1
12561,0
12562,-1
12563,1
12564,1
12565,1
12566,1
12567,-1
12568,1
12569,-1
12570,-1
12571,-1
12572,1
12573,0
12574,-1
12575,-1
12576,-1
12577,1
12578,1
12579,0
12580,0
12581,0
12582,-1
12583,1
12584,1
12585,0
12586,0
12587,1
12588,1
12589,-1
12590,0
12591,0
12592,-1
12593,1
12594,0
12595,0
12596,1
12597,0
12598,-1
12599,0
12600,1
12601,1
12602,0
12603,-1
12604,-1
12605,0
12606,0
12607,-1
12608,-1
12609,0
12610,1
12611,-1
12612,-1
12613,-1
12614,0
12615,-1
12616,-1
12617,0
12618,0
12619,1
12620,0
12621,1
12622,-1
12623,0
12624,1
12625,0
12626,0
12627,1
12628,1
12629,0
12630,-1
12631,1
12632,-1
12633,0
12634,-1
12635,1
12636,1
12637,0
12638,-1
12639,0
12640,1
12641,-1
12642,0
12643,0
12644,-1
12645,-1
12646,0
12647,-1
12648,0
12649,-1
12650,1
12651,0
12652,-1
12653,1
12654,-1
12655,-1
12656,1
12657,1
12658,1
12659,1
12660,-1
12661,1
12662,-1
12663,1
12664,0
12665,0
12666,1
12667,0
12668,-1
12669,1
12670,-1
12671,0
12672,0
12673,0
12674,-1
12675,-1
12676,1
12677,0
12678,0
12679,1
12680,0
12681,1
12682,-1
12683,-1
12684,-1
12685,1
12686,0
12687,1
12688,1
12689,0
12690,0
12691,-1
12692,0
12693,-1
12694,-1
12695,1
12696,0
12697,-1
12698,1
12699,1
12700,-1
12701,1
12702,0
12703,-1
12704,-1
12705,1
12706,0
12707,0
12708,0
12709,1
12710,-1
12711,0
12712,1
12713,0
12714,-1
12715,1
12716,0
12717,-1
12718,-1
12719,0
12720,0
12721,1
12722,-1
12723,0
12724,-1
12725,-1
12726,-1
12727,-1
12728,1
12729,1
12730,0
12731,-1
12732,0
12733,-1
12734,0
12735,0
12736,1
12737,-1
12738,0
12739,1
12740,-1
12741,1
12742,1
12743,1
12744,-1
12745,-1
12746,0
12747,-1
12748,0
12749,0
12750,1
12751,1
12752,1
12753,1
12754,0
12755,0
12756,1
12757,1
12758,-1
12759,0
12760,0
12761,0
12762,-1
12763,1
12764,1
12765,1
12766,1
12767,1
12768,0
12769,-1
12770,0
12771,0
12772,-1
12773,-1
12774,-1
12775,-1
12776,0
12777,1
12778,-1
12779,0
12780,-1
12781,0
12782,1
12783,1
12784,1
12785,-1
12786,-1
12787,-1
12788,1
12789,1
12790,0
12791,-1
12792,-1
12793,0
12794,1
12795,-1
12796,0
12797,1
12798,0
12799,-1
12800,0
12801,-1
12802,0
12803,-1
12804,-1
12805,0
12806,0
12807,-1
12808,0
12809,-1
12810,0
12811,1
12812,1
12813,-1
12814,-1
12815,1
12816,-1
12817,0
12818,-1
12819,0
12820,0
12821,-1
12822,-1
12823,0
12824,1
12825,1
12826,0
12827,0
12828,1
12829,1
12830,-1
12831,1
12832,1
12833,-1
12834,0
12835,1
12836,-1
12837,0
12838,1
12839,0
12840,-1
12841,1
12842,1
12843,0
12844,-1
12845,0
12846,1
12847,-1
12848,0
12849,0
12850,-1
12851,0
12852,1
12853,0
12854,-1
12855,0
12856,-1
12857,-1
12858,1
12859,0
12860,0
12861,0
12862,1
12863,-1
12864,1
12865,1
12866,1
12867,0
12868,-1
12869,0
12870,-1
12871,-1
12872,1
12873,0
12874,-1
12875,1
12876,-1
12877,1
12878,-1
12879,-1
12880,1
12881,1
12882,1
12883,0
12884,-1
12885,1
12886,0
12887,0
12888,1
12889,1
12890,-1
12891,1
12892,1
12893,1
12894,1
12895,-1
12896,-1
12897,-1
12898,-1
12899,-1
12900,1
12901,1
12902,-1
12903,1
12904,-1
12905,1
12906,0
12907,1
12908,1
12909,0
12910,-1
12911,-1
12912,-1
12913,-1
12914,1
12915,-1
12916,-1
12917,0
12918,1
12919,1
12920,-1
12921,1
12922,0
12923,0
12924,0
12925,1
12926,-1
12927,-1
12928,-1
12929,-1
12930,1
12931,0
12932,-1
12933,0
12934,1
12935,-1
12936,1
12937,0
12938,-1
12939,0
12940,0
12941,-1
12942,0
12943,0
12944,-1
12945,-1
12946,-1
12947,0
12948,1
12949,1
12950,0
12951,1
12952,-1
12953,-1
12954,0
12955,-1
12956,-1
12957,1
12958,0
12959,1
12960,-1
12961,-1
12962,1
12963,1
12964,-1
12965,1
12966,0
12967,0
12968,1
12969,0
12970,1
12971,1
12972,0
12973,1
12974,1
12975,-1
12976,-1
12977,-1
12978,-1
12979,-1
12980,1
12981,1
12982,1
12983,0
12984,0
12985,0
12986,0
12987,-1
12988,-1
12989,1
12990,1
12991,0
12992,1
12993,0
12994,-1
12995,-1
12996,0
12997,1
12998,-1
12999,1
13000,1
13001,0
13002,1
13003,0
13004,-1
13005,1
13006,0
13007,0
13008,-1
13009,1
13010,-1
13011,1
13012,0
13013,-1
13014,0
13015,0
13016,1
13017,0
13018,-1
13019,1
13020,0
13021,-1
13022,-1
13023,1
13024,0
13025,0
13026,-1
13027,0
13028,1
13029,-1
13030,0
13031,-1
13032,0
13033,0
13034,1
13035,-1
13036,0
13037,0
13038,1
13039,-1
13040,0
13041,1
13042,-1
13043,1
13044,0
13045,-1
13046,1
13047,1
13048,1
13049,-1
13050,-1
13051,1
13052,1
13053,1
13054,0
13055,-1
13056,0
13057,-1
13058,0
13059,0
13060,-1
13061,0
13062,-1
13063,0
13064,-1
13065,-1
13066,1
13067,-1
13068,1
13069,1
13070,-1
13071,1
13072,0
13073,-1
13074,1
13075,0
13076,-1
13077,0
13078,0
13079,-1
13080,-1
13081,-1
13082,0
13083,1
13084,-1
13085,0
13086,-1
13087,0
13088,-1
13089,1
13090,-1
13091,1
13092,1
13093,0
13094,0
13095,0
13096,-1
13097,0
13098,-1
13099,1
13100,0
13101,-1
13102,1
13103,0
13104,-1
13105,0
13106,-1
13107,-1
13108,-1
13109,1
13110,0
13111,1
13112,1
13113,0
13114,0
13115,1
13116,-1
13117,-1
13118,-1
13119,-1
13120,1
13121,0
13122,0
13123,1
13124,1
13125,1
13126,0
13127,0
13128,-1
13129,0
13130,-1
13131,-1
13132,0
13133,0
13134,0
13135,1
13136,-1
13137,-1
13138,1
13139,1
13140,-1
13141,0
13142,1
13143,0
13144,0
13145,1
13146,-1
13147,1
13148,0
13149,1
13150,0
13151,1
13152,-1
13153,0
13154,1
13155,1
13156,1
13157,1
13158,-1
13159,0
13160,1
13161,0
13162,1
13163,1
13164,1
13165,-1
13166,0
13167,-1
13168,1
13169,0
13170,-1
13171,0
13172,1
13173,1
13174,-1
13175,1
13176,1
13177,1
13178,0
13179,0
13180,1
13181,1
13182,-1
13183,-1
13184,0
13185,1
13186,1
13187,0
13188,1
13189,-1
13190,1
13191,-1
13192,0
13193,-1
13194,-1
13195,1
13196,0
13197,-1
13198,0
13199,1
13200,0
13201,1
13202,0
13203,0
13204,1
13205,0
13206,-1
13207,-1
13208,0
13209,0
13210,0
13211,0
13212,-1
13213,-1
13214,-1
13215,1
13216,0
13217,1
13218,1
13219,-1
13220,-1
13221,0
13222,1
13223,1
13224,-1
13225,0
13226,1
13227,-1
13228,0
13229,1
13230,-1
13231,-1
13232,1
13233,-1
13234,-1
13235,-1
13236,-1
13237,0
13238,1
13239,-1
13240,0
13241,0
13242,0
13243,-1
13244,-1
13245,0
13246,1
13247,-1
13248,0
13249,0
13250,0
13251,0
13252,-1
13253,-1
13254,0
13255,-1
13256,-1
13257,0
13258,1
13259,-1
13260,1
13261,1
13262,0
13263,1
13264,0
13265,0
13266,1
13267,0
13268,-1
13269,0
13270,1
13271,1
13272,1
13273,0
13274,-1
13275,-1
13276,1
13277,0
13278,0
13279,-1
13280,0
13281,0
13282,-1
13283,-1
13284,1
13285,-1
13286,0
13287,0
13288,-1
13289,1
13290,0
13291,-1
13292,-1
13293,1
13294,-1
13295,1
13296,1
13297,1
13298,0
13299,-1
13300,1
13301,-1
13302,0
13303,-1
13304,1
13305,-1
13306,0
13307,1
13308,1
13309,1
13310,1
13311,0
13312,0
13313,0
13314,1
13315,0
13316,0
13317,-1
13318,-1
13319,-1
13320,1
13321,0
13322,-1
13323,1
13324,0
13325,-1
13326,0
13327,1
13328,-1
13329,0
13330,0
13331,1
13332,-1
13333,0
13334,1
13335,1
13336,-1
13337,0
13338,1
13339,0
13340,0
13341,0
13342,-1
13343,0
13344,0
13345,0
13346,1
13347,1
13348,0
13349,0
13350,-1
13351,1
13352,1
13353,-1
13354,0
13355,-1
13356,-1
13357,1
13358,0
13359,0
13360,0
13361,1
13362,1
13363,0
13364,1
13365,0
13366,-1
13367,-1
13368,0
13369,1
13370,-1
13371,-1
13372,1
13373,0
13374,0
13375,1
13376,-1
13377,0
13378,0
13379,0
13380,-1
13381,-1
13382,1
13383,1
13384,-1
13385,0
13386,0
13387,-1
13388,-1
13389,1
13390,1
13391,1
13392,1
13393,1
13394,0
13395,-1
13396,1
13397,0
13398,-1
13399,1
13400,-1
13401,0
13402,-1
13403,0
13404,-1
13405,-1
13406,1
13407,-1
13408,-1
13409,1
13410,-1
13411,1
13412,0
13413,-1
13414,0
13415,1
13416,-1
13417,0
13418,1
13419,1
13420,-1
13421,0
13422,-1
13423,-1
13424,0
13425,-1
13426,0
13427,0
13428,1
13429,1
13430,-1
13431,1
13432,0
13433,-1
13434,-1
13435,1
13436,1
13437,-1
13438,-1
13439,-1
13440,-1
13441,1
13442,0
13443,1
13444,0
13445,0
13446,1
13447,0
13448,0
13449,0
13450,1
13451,0
13452,0
13453,-1
13454,0
13455,0
13456,1
13457,0
13458,-1
13459,1
13460,-1
13461,0
13462,1
13463,1
13464,1
13465,1
13466,0
13467,1
13468,-1
13469,1
13470,-1
13471,0
13472,0
13473,-1
13474,-1
13475,0
13476,0
13477,-1
13478,1
13479,0
13480,-1
13481,1
13482,1
13483,1
13484,1
13485,-1
13486,-1
13487,-1
13488,1
13489,1
13490,1
13491,0
13492,0
13493,-1
13494,1
13495,1
13496,-1
13497,-1
13498,-1
13499,-1
13500,-1
13501,1
13502,0
13503,1
13504,0
13505,0
13506,-1
13507,0
13508,-1
13509,-1
13510,1
13511,-1
13512,0
13513,1
13514,-1
13515,1
13516,1
13517,0
13518,0
13519,0
13520,0
13521,-1
13522,1
13523,-1
13524,1
13525,-1
13526,-1
13527,-1
13528,1
13529,-1
13530,0
13531,-1
13532,1
13533,0
13534,0
13535,0
13536,-1
13537,0
13538,1
13539,1
13540,1
13541,0
13542,-1
13543,-1
13544,-1
13545,1
13546,0
13547,0
13548,0
13549,-1
13550,-1
13551,-1
13552,1
13553,1
13554,1
13555,1
13556,-1
13557,0
13558,0
13559,-1
13560,1
13561,0
13562,0
13563,-1
13564,1
13565,-1
13566,0
13567,0
13568,1
13569,-1
13570,-1
13571,0
13572,-1
13573,1
13574,1
13575,-1
13576,-1
13577,-1
13578,0
13579,0
13580,1
13581,-1
13582,1
13583,-1
13584,-1
13585,1
13586,1
13587,1
13588,-1
13589,1
13590,1
13591,-1
13592,0
13593,-1
13594,0
13595,-1
13596,1
13597,1
13598,-1
13599,1
13600,1
13601,0
13602,0
13603,-1
13604,0
13605,1
13606,0
13607,-1
13608,1
13609,1
13610,-1
13611,1
13612,-1
13613,-1
13614,0
13615,0
13616,-1
13617,0
13618,0
13619,1
13620,1
13621,1
13622,1
13623,-1
13624,-1
13625,-1
13626,-1
13627,-1
13628,-1
13629,0
13630,-1
13631,1
13632,-1
13633,1
13634,0
13635,-1
13636,1
13637,-1
13638,0
13639,-1
13640,-1
13641,1
13642,-1
13643,1
13644,-1
13645,-1
13646,-1
13647,1
13648,1
13649,-1
13650,-1
13651,1
13652,0
13653,1
13654,-1
13655,1
13656,-1
13657,-1
13658,-1
13659,1
13660,1
13661,1
13662,-1
13663,0
13664,0
13665,0
13666,-1
13667,1
13668,0
13669,1
13670,-1
13671,0
13672,0
13673,1
13674,-1
13675,1
13676,0
13677,1
13678,-1
13679,-1
13680,-1
13681,0
13682,-1
13683,0
13684,1
13685,-1
13686,0
13687,-1
13688,1
13689,0
13690,1
13691,0
13692,-1
13693,0
13694,-1
13695,-1
13696,0
13697,1
13698,-1
13699,1
13700,-1
13701,1
13702,1
13703,0
13704,-1
13705,-1
13706,1
13707,-1
13708,1
13709,1
13710,0
13711,1
13712,-1
13713,1
13714,0
13715,0
13716,0
13717,-1
13718,-1
13719,0
13720,1
13721,1
13722,0
13723,-1
13724,0
13725,1
13726,0
13727,1
13728,1
13729,0
13730,0
13731,0
13732,0
13733,1
13734,-1
13735,0
13736,1
13737,0
13738,0
13739,1
13740,1
13741,-1
13742,-1
13743,0
13744,0
13745,1
13746,-1
13747,0
13748,0
13749,1
13750,1
13751,1
13752,-1
13753,1
13754,0
13755,0
13756,0
13757,-1
13758,-1
13759,0
13760,1
13761,0
13762,0
13763,0
13764,1
13765,1
13766,-1
13767,0
13768,0
13769,0
13770,-1
13771,0
13772,-1
13773,-1
13774,0
13775,1
13776,0
13777,-1
13778,1
13779,0
13780,-1
13781,-1
13782,1
13783,0
13784,0
13785,-1
13786,1
13787,0
13788,0
13789,-1
13790,1
13791,-1
13792,0
13793,1
13794,1
13795,-1
13796,-1
13797,0
13798,1
13799,-1
13800,0
13801,0
13802,1
13803,-1
13804,0
13805,0
13806,1
13807,0
13808,0
13809,0
13810,1
13811,1
13812,0
13813,-1
13814,1
13815,0
13816,-1
13817,1
13818,1
13819,-1
13820,-1
13821,1
13822,1
13823,0
13824,-1
13825,0
13826,0
13827,0
13828,1
13829,-1
13830,0
13831,-1
13832,1
13833,0
13834,1
13835,0
13836,-1
13837,-1
13838,0
13839,-1
13840,-1
13841,1
13842,-1
13843,-1
13844,-1
13845,-1
13846,0
13847,0
13848,-1
13849,-1
13850,-1
13851,1
13852,1
13853,1
13854,-1
13855,0
13856,0
13857,-1
13858,1
13859,1
13860,1
13861,1
13862,0
13863,0
13864,0
13865,-1
13866,-1
13867,1
13868,-1
13869,-1
13870,0
13871,0
13872,0
13873,0
13874,0
13875,-1
13876,-1
13877,0
13878,0
13879,1
13880,1
13881,0
13882,1
13883,0
13884,-1
13885,-1
13886,1
13887,1
13888,-1
13889,0
13890,0
13891,0
13892,-1
13893,1
13894,-1
13895,1
13896,1
13897,1
13898,-1
13899,1
13900,-1
13901,1
13902,0
13903,0
13904,0
13905,0
13906,-1
13907,0
13908,1
13909,0
13910,0
13911,0
13912,1
13913,0
13914,0
13915,1
13916,-1
13917,0
13918,-1
13919,1
13920,0
13921,1
13922,1
13923,-1
13924,1
13925,1
13926,0
13927,0
13928,-1
13929,1
13930,1
13931,-1
13932,1
13933,-1
13934,1
13935,-1
13936,-1
13937,-1
13938,-1
13939,0
13940,-1
13941,0
13942,-1
13943,-1
13944,-1
13945,-1
13946,1
13947,1
13948,0
13949,0
13950,0
13951,1
13952,-1
13953,1
13954,1
13955,-1
13956,-1
13957,-1
13958,-1
13959,0
13960,0
13961,-1
13962,1
13963,0
13964,-1
13965,-1
13966,-1
13967,0
13968,0
13969,0
13970,-1
13971,1
13972,1
13973,0
13974,-1
13975,0
13976,-1
13977,1
13978,1
13979,-1
13980,1
13981,0
13982,1
13983,1
13984,0
13985,-1
13986,-1
13987,1
13988,0
13989,-1
13990,1
13991,-1
13992,-1
13993,0
13994,-1
13995,0
13996,0
13997,-1
13998,1
13999,1
14000,0
14001,1
14002,-1
14003,0
14004,-1
14005,0
14006,-1
14007,-1
14008,0
14009,1
14010,-1
14011,1
14012,0
14013,0
14014,1
14015,-1
14016,-1
14017,1
14018,-1
14019,-1
14020,0
14021,-1
14022,1
14023,1
14024,-1
14025,1
14026,1
14027,-1
14028,0
14029,1
14030,0
14031,0
14032,1
14033,-1
14034,0
14035,0
14036,0
14037,0
14038,1
14039,-1
14040,-1
14041,-1
14042,1
14043,-1
14044,1
14045,1
14046,-1
14047,1
14048,-1
14049,1
14050,-1
14051,1
14052,0
14053,1
14054,1
14055,0
14056,0
14057,-1
14058,1
14059,-1
14060,0
14061,1
14062,-1
14063,0
14064,-1
14065,-1
14066,1
14067,0
14068,-1
14069,1
14070,1
14071,0
14072,-1
14073,0
14074,1
14075,1
14076,-1
14077,1
14078,0
14079,1
14080,0
14081,1
14082,0
14083,0
14084,-1
14085,1
14086,-1
14087,1
14088,1
14089,1
14090,1
14091,0
14092,-1
14093,0
14094,0
14095,-1
14096,0
14097,1
14098,0
14099,0
14100,-1
14101,0
14102,1
14103,0
14104,0
14105,1
14106,-1
14107,-1
14108,1
14109,0
14110,-1
14111,0
14112,-1
14113,0
14114,0
14115,-1
14116,-1
14117,0
14118,0
14119,-1
14120,1
14121,1
14122,0
14123,-1
14124,-1
14125,1
14126,0
14127,0
14128,1
14129,-1
14130,0
14131,-1
14132,1
14133,1
14134,-1
14135,1
14136,-1
14137,1
14138,0
14139,0
14140,0
14141,-1
14142,0
14143,-1
14144,0
14145,1
14146,0
14147,1
14148,-1
14149,0
14150,1
14151,-1
14152,0
14153,0
14154,0
14155,0
14156,-1
14157,1
14158,0
14159,-1
14160,0
14161,-1
14162,1
14163,0
14164,1
14165,0
14166,1
14167,1
14168,1
14169,1
14170,1
14171,1
14172,1
14173,-1
14174,1
14175,1
14176,1
14177,0
14178,0
14179,1
14180,0
14181,1
14182,0
14183,1
14184,1
14185,1
14186,-1
14187,-1
14188,0
14189,0
14190,0
14191,0
14192,1
14193,0
14194,0
14195,-1
14196,0
14197,-1
14198,-1
14199,0
14200,-1
14201,0
14202,0
14203,0
14204,0
14205,0
14206,-1
14207,-1
14208,-1
14209,1
14210,-1
14211,0
14212,1
14213,-1
14214,1
14215,0
14216,0
14217,-1
14218,1
14219,1
14220,0
14221,1
14222,1
14223,0
14224,0
14225,1
14226,-1
14227,0
14228,0
14229,1
14230,1
14231,1
14232,-1
14233,-1
14234,0
14235,1
14236,0
14237,-1
14238,-1
14239,-1
14240,-1
14241,0
14242,-1
14243,-1
14244,-1
14245,-1
14246,-1
14247,1
14248,-1
14249,1
14250,1
14251,-1
14252,1
14253,0
14254,0
14255,0
14256,-1
14257,-1
14258,1
14259,0
14260,-1
14261,-1
14262,-1
14263,1
14264,-1
14265,0
14266,-1
14267,-1
14268,1
14269,-1
14270,0
14271,-1
14272,-1
14273,-1
14274,-1
14275,0
14276,-1
14277,-1
14278,1
14279,-1
14280,0
14281,-1
14282,1
14283,-1
14284,0
14285,1
14286,0
14287,0
14288,0
14289,0
14290,-1
14291,0
14292,-1
14293,1
14294,-1
14295,0
14296,-1
14297,-1
14298,-1
14299,1
14300,0
14301,0
14302,-1
14303,1
14304,-1
14305,0
14306,1
14307,1
14308,-1
14309,1
14310,-1
14311,-1
14312,-1
14313,0
14314,1
14315,1
14316,1
14317,1
14318,0
14319,-1
14320,0
14321,1
14322,1
14323,1
14324,0
14325,-1
14326,1
14327,0
14328,1
14329,1
14330,0
14331,0
14332,1
14333,0
14334,1
14335,1
14336,1
14337,1
14338,0
14339,-1
14340,0
14341,0
14342,1
14343,1
14344,-1
14345,1
14346,0
14347,1
14348,0
14349,0
14350,-1
14351,0
14352,1
14353,0
14354,-1
14355,-1
14356,0
14357,0
14358,0
14359,1
14360,-1
14361,-1
14362,1
14363,0
14364,-1
14365,1
14366,-1
14367,0
14368,1
14369,-1
14370,1
14371,-1
14372,0
14373,0
14374,1
14375,0
14376,1
14377,1
14378,0
14379,1
14380,1
14381,0
14382,-1
14383,1
14384,-1
14385,-1
14386,1
14387,1
14388,1
14389,0
14390,1
14391,0
14392,1
14393,0
14394,1
14395,0
14396,1
14397,-1
14398,0
14399,-1
14400,1
14401,0
14402,1
14403,-1
14404,-1
14405,1
14406,1
14407,-1
14408,-1
14409,1
14410,-1
14411,0
14412,0
14413,-1
14414,-1
14415,-1
14416,0
14417,-1
14418,0
14419,1
14420,0
14421,1
14422,0
14423,1
14424,-1
14425,-1
14426,1
14427,1
14428,-1
14429,0
14430,1
14431,1
14432,1
14433,1
14434,1
14435,1
14436,-1
14437,-1
14438,-1
14439,-1
14440,0
14441,1
14442,1
14443,-1
14444,1
14445,-1
14446,0
14447,-1
14448,0
14449,1
14450,0
14451,-1
14452,1
14453,1
14454,-1
14455,0
14456,0
14457,0
14458,0
14459,-1
14460,1
14461,0
14462,0
14463,0
14464,-1
14465,1
14466,-1
14467,1
14468,-1
14469,-1
14470,0
14471,1
14472,1
14473,0
14474,-1
14475,0
14476,-1
14477,0
14478,0
14479,1
14480,-1
14481,-1
14482,0
14483,0
14484,0
14485,1
14486,1
14487,1
14488,0
14489,1
14490,0
14491,-1
14492,-1
14493,1
14494,-1
14495,1
14496,-1
14497,1
14498,0
14499,0
14500,0
14501,1
14502,1
14503,1
14504,1
14505,-1
14506,-1
14507,-1
14508,1
14509,1
14510,-1
14511,-1
14512,-1
14513,1
14514,1
14515,1
14516,-1
14517,0
14518,-1
14519,0
14520,1
14521,-1
14522,-1
14523,-1
14524,-1
14525,-1
14526,1
14527,0
14528,1
14529,-1
14530,-1
14531,-1
14532,-1
14533,1
14534,0
14535,1
14536,0
14537,1
14538,-1
14539,1
14540,-1
14541,1
14542,0
14543,0
14544,-1
14545,-1
14546,-1
14547,-1
14548,-1
14549,1
14550,1
14551,-1
14552,1
14553,0
14554,0
14555,0
14556,0
14557,-1
14558,1
14559,-1
14560,1
14561,0
14562,-1
14563,0
14564,-1
14565,-1
14566,-1
14567,1
14568,1
14569,1
14570,-1
14571,0
14572,0
14573,-1
14574,1
14575,-1
14576,-1
14577,1
14578,0
14579,0
14580,0
14581,-1
14582,-1
14583,0
14584,0
14585,0
14586,-1
14587,-1
14588,1
14589,1
14590,1
14591,0
14592,0
14593,1
14594,-1
14595,-1
14596,0
14597,0
14598,1
14599,-1
14600,-1
14601,-1
14602,0
14603,-1
14604,-1
14605,1
14606,0
14607,-1
14608,0
14609,1
14610,0
14611,1
14612,1
14613,-1
14614,0
14615,-1
14616,-1
14617,1
14618,0
14619,1
14620,-1
14621,-1
14622,1
14623,-1
14624,1
14625,1
14626,1
14627,-1
14628,-1
14629,0
14630,1
14631,-1
14632,1
14633,1
14634,0
14635,-1
14636,0
14637,-1
14638,0
14639,1
14640,1
14641,1
14642,-1
14643,1
14644,1
14645,-1
14646,0
14647,-1
14648,1
14649,0
14650,0
14651,-1
14652,0
14653,-1
14654,1
14655,-1
14656,0
14657,0
14658,0
14659,1
14660,-1
14661,-1
14662,-1
14663,1
14664,-1
14665,0
14666,0
14667,-1
14668,1
14669,-1
14670,1
14671,-1
14672,-1
14673,1
14674,1
14675,-1
14676,-1
14677,1
14678,1
14679,-1
14680,-1
14681,-1
14682,-1
14683,1
14684,1
14685,1
14686,1
14687,1
14688,0
14689,1
14690,-1
14691,1
14692,1
14693,-1
14694,-1
14695,1
14696,0
14697,-1
14698,1
14699,-1
14700,-1
14701,-1
14702,-1
14703,0
14704,-1
14705,-1
14706,1
14707,-1
14708,-1
14709,-1
14710,-1
14711,1
14712,1
14713,1
14714,0
14715,-1
14716,1
14717,1
14718,-1
14719,-1
14720,-1
14721,-1
14722,1
14723,1
14724,0
14725,-1
14726,0
14727,1
14728,1
14729,1
14730,1
14731,1
14732,-1
14733,1
14734,-1
14735,0
14736,0
14737,-1
14738,0
14739,-1
14740,1
14741,0
14742,1
14743,0
14744,0
14745,-1
14746,1
14747,-1
14748,1
14749,0
14750,-1
14751,0
14752,-1
14753,-1
14754,-1
14755,1
14756,-1
14757,-1
14758,1
14759,-1
14760,-1
14761,0
14762,-1
14763,1
14764,-1
14765,-1
14766,1
14767,0
14768,0
14769,-1
14770,1
14771,-1
14772,0
14773,1
14774,0
14775,-1
14776,0
14777,-1
14778,1
14779,1
14780,0
14781,0
14782,0
14783,1
14784,1
14785,-1
14786,1
14787,1
14788,0
14789,-1
14790,0
14791,0
14792,0
14793,0
14794,0
14795,-1
14796,0
14797,-1
14798,-1
14799,-1
14800,1
14801,0
14802,-1
14803,0
14804,1
14805,-1
14806,-1
14807,1
14808,1
14809,-1
14810,-1
14811,-1
14812,0
14813,-1
14814,-1
14815,-1
14816,-1
14817,0
14818,0
14819,0
14820,0
14821,0
14822,1
14823,1
14824,-1
14825,1
14826,-1
14827,1
14828,-1
14829,-1
14830,1
14831,1
14832,0
14833,0
14834,0
14835,-1
14836,-1
14837,-1
14838,-1
14839,-1
14840,1
14841,1
14842,0
14843,-1
14844,0
14845,1
14846,-1
14847,1
14848,1
14849,-1
14850,-1
14851,0
14852,-1
14853,-1
14854,-1
14855,1
14856,-1
14857,1
14858,0
14859,-1
14860,0
14861,0
14862,1
14863,0
14864,1
14865,0
14866,-1
14867,1
14868,1
14869,0
14870,0
14871,-1
14872,1
14873,1
14874,-1
14875,0
14876,0
14877,0
14878,-1
14879,-1
14880,1
14881,1
14882,1
14883,1
14884,0
14885,1
14886,-1
14887,1
14888,1
14889,1
14890,1
14891,1
14892,0
14893,0
14894,0
14895,-1
14896,1
14897,0
14898,1
14899,1
14900,-1
14901,-1
14902,-1
14903,0
14904,-1
14905,1
14906,1
14907,-1
14908,1
14909,0
14910,1
14911,0
14912,1
14913,-1
14914,1
14915,-1
14916,-1
14917,-1
14918,1
14919,1
14920,0
14921,1
14922,1
14923,-1
14924,-1
14925,1
14926,1
14927,0
14928,-1
14929,0
14930,1
14931,0
14932,-1
14933,-1
14934,-1
14935,0
14936,-1
14937,-1
14938,1
14939,-1
14940,0
14941,1
14942,0
14943,-1
14944,-1
14945,-1
14946,1
14947,1
14948,0
14949,1
14950,1
14951,-1
14952,1
14953,-1
14954,1
14955,-1
14956,-1
14957,0
14958,-1
14959,-1
14960,-1
14961,0
14962,1
14963,0
14964,0
14965,0
14966,0
14967,1
14968,0
14969,0
14970,0
14971,0
14972,1
14973,0
14974,1
14975,-1
14976,0
14977,1
14978,0
14979,0
14980,-1
14981,-1
14982,0
14983,0
14984,-1
14985,-1
14986,-1
14987,0
14988,-1
14989,1
14990,-1
14991,-1
14992,0
14993,-1
14994,1
14995,-1
14996,-1
14997,1
14998,0
14999,0
15000,0
15001,1
15002,0
15003,1
15004,1
15005,1
15006,0
15007,-1
15008,0
15009,1
15010,1
15011,1
15012,1
15013,1
15014,-1
15015,0
15016,-1
15017,-1
15018,1
15019,-1
15020,1
15021,-1
15022,1
15023,1
15024,0
15025,-1
15026,0
15027,-1
15028,0
15029,0
15030,-1
15031,0
15032,1
15033,0
15034,0
15035,0
15036,0
15037,1
15038,0
15039,0
15040,0
15041,-1
15042,1
15043,0
15044,1
15045,1
15046,-1
15047,-1
15048,-1
15049,0
15050,-1
15051,1
15052,0
15053,-1
15054,-1
15055,1
15056,-1
15057,-1
15058,0
15059,-1
15060,0
15061,0
15062,1
15063,0
15064,0
15065,-1
15066,0
15067,0
15068,0
15069,0
15070,-1
15071,1
15072,-1
15073,1
15074,1
15075,0
15076,1
15077,-1
15078,1
15079,-1
15080,1
15081,-1
15082,0
15083,1
15084,1
15085,0
15086,-1
15087,-1
15088,1
15089,-1
15090,0
15091,1
15092,-1
15093,1
15094,-1
15095,0
15096,0
15097,-1
15098,1
15099,1
15100,0
15101,-1
15102,-1
15103,-1
15104,0
15105,-1
15106,-1
15107,-1
15108,1
15109,1
15110,0
15111,1
15112,0
15113,-1
15114,-1
15115,-1
15116,1
15117,-1
15118,0
15119,-1
15120,-1
15121,-1
15122,1
15123,0
15124,1
15125,0
15126,-1
15127,0
15128,1
15129,-1
15130,-1
15131,1
15132,-1
15133,1
15134,0
15135,0
15136,1
15137,-1
15138,-1
15139,0
15140,-1
15141,1
15142,-1
15143,1
15144,1
15145,-1
15146,-1
15147,0
15148,0
15149,0
15150,-1
15151,0
15152,0
15153,0
15154,1
15155,-1
15156,0
15157,-1
15158,0
15159,1
15160,1
15161,0
15162,0
15163,-1
15164,1
15165,-1
15166,1
15167,0
15168,1
15169,0
15170,1
15171,0
15172,-1
15173,-1
15174,-1
15175,0
15176,0
15177,0
15178,-1
15179,0
15180,0
15181,-1
15182,0
15183,-1
15184,-1
15185,-1
15186,1
15187,0
15188,1
15189,0
15190,1
15191,-1
15192,0
15193,0
15194,1
15195,1
15196,1
15197,1
15198,1
15199,-1
15200,0
15201,0
15202,0
15203,-1
15204,1
15205,-1
15206,0
15207,1
15208,-1
15209,-1
15210,0
15211,0
15212,1
15213,0
15214,-1
15215,0
15216,-1
15217,1
15218,0
15219,-1
15220,-1
15221,-1
15222,1
15223,0
15224,-1
15225,-1
15226,0
15227,0
15228,-1
15229,-1
15230,-1
15231,-1
15232,1
15233,1
15234,1
15235,1
15236,1
15237,-1
15238,1
15239,-1
15240,-1
15241,1
15242,0
15243,1
15244,0
15245,1
15246,0
15247,-1
15248,1
15249,1
15250,0
15251,-1
15252,-1
15253,-1
15254,-1
15255,-1
15256,1
15257,-1
15258,1
15259,-1
15260,1
15261,0
15262,0
15263,1
15264,-1
15265,-1
15266,-1
15267,1
15268,-1
15269,0
15270,-1
15271,-1
15272,1
15273,-1
15274,-1
15275,1
15276,1
15277,-1
15278,-1
15279,0
15280,-1
15281,1
15282,-1
15283,1
15284,-1
15285,-1
15286,1
15287,1
15288,1
15289,0
15290,1
15291,0
15292,1
15293,1
15294,-1
15295,-1
15296,-1
15297,-1
15298,1
15299,1
15300,0
15301,1
15302,0
15303,1
15304,1
15305,1
15306,1
15307,0
15308,0
15309,1
15310,0
15311,0
15312,0
15313,-1
15314,1
15315,-1
15316,1
15317,1
15318,1
15319,0
15320,1
15321,-1
15322,0
15323,1
15324,1
15325,1
15326,1
15327,-1
15328,0
15329,0
15330,1
15331,1
15332,0
15333,-1
15334,1
15335,-1
15336,0
15337,1
15338,0
15339,0
15340,-1
15341,0
15342,0
15343,0
15344,-1
15345,1
15346,1
15347,-1
15348,1
15349,-1
15350,0
15351,1
15352,1
15353,-1
15354,-1
15355,-1
15356,1
15357,0
15358,-1
15359,-1
15360,1
15361,0
15362,-1
15363,-1
15364,0
15365,-1
15366,-1
15367,-1
15368,0
15369,-1
15370,0
15371,-1
15372,1
15373,0
15374,0
15375,-1
15376,0
15377,0
15378,-1
15379,0
15380,1
15381,-1
15382,0
15383,0
15384,1
15385,1
15386,-1
15387,-1
15388,0
15389,-1
15390,-1
15391,-1
15392,1
15393,-1
15394,0
15395,-1
15396,0
15397,0
15398,-1
15399,0
15400,1
15401,-1
15402,-1
15403,0
15404,0
15405,1
15406,0
15407,-1
15408,0
15409,1
15410,1
15411,-1
15412,-1
15413,1
15414,0
15415,0
15416,0
15417,-1
15418,-1
15419,-1
15420,-1
15421,1
15422,-1
15423,1
15424,-1
15425,-1
15426,0
15427,-1
15428,-1
15429,-1
15430,1
15431,-1
15432,1
15433,-1
15434,1
15435,0
15436,-1
15437,0
15438,-1
15439,-1
15440,0
15441,-1
15442,1
15443,-1
15444,-1
15445,-1
15446,1
15447,-1
15448,1
15449,-1
15450,1
15451,-1
15452,0
15453,0
15454,1
15455,1
15456,-1
15457,0
15458,1
15459,1
15460,-1
15461,1
15462,0
15463,1
15464,1
15465,-1
15466,0
15467,-1
15468,-1
15469,-1
15470,-1
15471,0
15472,0
15473,0
15474,0
15475,-1
15476,0
15477,-1
15478,-1
15479,1
15480,-1
15481,1
15482,-1
15483,-1
15484,0
15485,-1
15486,1
15487,0
15488,0
15489,0
15490,0
15491,0
15492,1
15493,0
15494,-1
15495,-1
15496,-1
15497,-1
15498,1
15499,1
15500,-1
15501,-1
15502,1
15503,-1
15504,-1
15505,-1
15506,-1
15507,-1
15508,0
15509,1
15510,0
15511,-1
15512,0
15513,0
15514,0
15515,0
15516,1
15517,1
15518,1
15519,1
15520,0
15521,-1
15522,1
15523,1
15524,0
15525,1
15526,-1
15527,-1
15528,1
15529,-1
15530,0
15531,0
15532,1
15533,-1
15534,0
15535,0
15536,1
15537,1
15538,-1
15539,1
15540,-1
15541,0
15542,0
15543,0
15544,1
15545,-1
15546,0
15547,-1
15548,1
15549,1
15550,1
15551,1
15552,-1
15553,-1
15554,1
15555,1
15556,0
15557,0
15558,1
15559,0
15560,-1
15561,1
15562,0
15563,-1
15564,1
15565,1
15566,-1
15567,0
15568,0
15569,-1
15570,1
15571,0
15572,0
15573,1
15574,1
15575,-1
15576,-1
15577,1
15578,0
15579,1
15580,-1
15581,1
15582,0
15583,-1
15584,1
15585,-1
15586,0
15587,1
15588,0
15589,1
15590,-1
15591,-1
15592,1
15593,1
15594,1
15595,1
15596,0
15597,1
15598,1
15599,-1
15600,0
15601,0
15602,-1
15603,0
15604,-1
15605,-1
15606,-1
15607,0
15608,-1
15609,1
15610,1
15611,-1
15612,1
15613,-1
15614,1
15615,0
15616,-1
15617,-1
15618,0
15619,-1
15620,0
15621,-1
15622,0
15623,1
15624,1
15625,0
15626,1
15627,1
15628,-1
15629,-1
15630,1
15631,1
15632,0
15633,1
15634,1
15635,-1
15636,1
15637,-1
15638,-1
15639,-1
15640,0
15641,0
15642,-1
15643,0
15644,1
15645,1
15646,0
15647,-1
15648,1
15649,-1
15650,-1
15651,0
15652,-1
15653,0
15654,1
15655,-1
15656,0
15657,0
15658,0
15659,1
15660,1
15661,-1
15662,0
15663,-1
15664,0
15665,-1
15666,1
15667,-1
15668,-1
15669,1
15670,-1
15671,-1
15672,1
15673,0
15674,1
15675,-1
15676,1
15677,-1
15678,1
15679,0
15680,1
15681,0
15682,0
15683,-1
15684,-1
15685,0
15686,-1
15687,-1
15688,0
15689,1
15690,-1
15691,1
15692,1
15693,-1
15694,0
15695,-1
15696,-1
15697,1
15698,-1
15699,1
15700,1
15701,1
15702,1
15703,0
15704,-1
15705,1
15706,0
15707,-1
15708,1
15709,1
15710,0
15711,0
15712,0
15713,-1
15714,1
15715,-1
15716,1
15717,-1
15718,0
15719,0
15720,1
15721,0
15722,1
15723,-1
15724,1
15725,-1
15726,0
15727,0
15728,0
15729,1
15730,1
15731,0
15732,0
15733,-1
15734,0
15735,0
15736,1
15737,1
15738,0
15739,0
15740,1
15741,0
15742,-1
15743,1
15744,0
15745,1
15746,1
15747,1
15748,-1
15749,-1
15750,0
15751,-1
15752,-1
15753,1
15754,1
15755,-1
15756,1
15757,0
15758,-1
15759,-1
15760,1
15761,1
15762,-1
15763,-1
15764,1
15765,-1
15766,0
15767,-1
15768,0
15769,0
15770,0
15771,1
15772,0
15773,1
15774,0
15775,0
15776,0
15777,1
15778,1
15779,0
15780,-1
15781,0
15782,0
15783,1
15784,-1
15785,-1
15786,1
15787,1
15788,1
15789,-1
15790,-1
15791,0
15792,-1
15793,-1
15794,1
15795,1
15796,-1
15797,-1
15798,1
15799,0
15800,-1
15801,-1
15802,0
15803,-1
15804,1
15805,-1
15806,1
15807,-1
15808,0
15809,0
15810,1
15811,1
15812,1
15813,0
15814,0
15815,1
15816,1
15817,1
15818,1
15819,-1
15820,-1
15821,-1
15822,-1
15823,-1
15824,-1
15825,-1
15826,1
15827,-1
15828,0
15829,1
15830,-1
15831,1
15832,-1
15833,0
15834,-1
15835,1
15836,0
15837,0
15838,1
15839,-1
15840,-1
15841,0
15842,-1
15843,1
15844,-1
15845,1
15846,0
15847,0
15848,1
15849,0
15850,1
15851,0
15852,1
15853,0
15854,1
15855,1
15856,1
15857,0
15858,0
15859,1
15860,1
15861,-1
15862,1
15863,0
15864,0
15865,-1
15866,0
15867,-1
15868,0
15869,0
15870,1
15871,0
15872,0
15873,-1
15874,1
15875,0
15876,0
15877,1
15878,-1
15879,1
15880,0
15881,0
15882,0
15883,1
15884,0
15885,0
15886,0
15887,-1
15888,0
15889,1
15890,0
15891,1
15892,0
15893,1
15894,0
15895,0
15896,-1
15897,0
15898,1
15899,0
15900,0
15901,0
15902,-1
15903,0
15904,0
15905,0
15906,0
15907,-1
15908,0
15909,1
15910,-1
15911,-1
15912,-1
15913,1
15914,0
15915,1
15916,0
15917,0
15918,0
15919,1
15920,0
15921,-1
15922,-1
15923,0
15924,1
15925,-1
15926,1
15927,0
15928,1
15929,-1
15930,1
15931,1
15932,1
15933,0
15934,-1
15935,0
15936,1
15937,0
15938,-1
15939,0
15940,1
15941,-1
15942,-1
15943,1
15944,-1
15945,-1
15946,-1
15947,0
15948,-1
15949,1
15950,-1
15951,-1
15952,-1
15953,1
15954,-1
15955,1
15956,0
15957,1
15958,0
15959,-1
15960,0
15961,-1
15962,-1
15963,1
15964,1
15965,0
15966,0
15967,0
15968,0
15969,-1
15970,-1
15971,0
15972,1
15973,-1
15974,1
15975,-1
15976,0
15977,0
15978,0
15979,1
15980,0
15981,1
15982,1
15983,-1
15984,-1
15985,1
15986,1
15987,-1
15988,-1
15989,1
15990,1
15991,0
15992,1
15993,-1
15994,-1
15995,0
15996,0
15997,-1
15998,1
15999,-1
16000,1
16001,1
16002,0
16003,1
16004,1
16005,1
16006,-1
16007,0
16008,0
16009,1
16010,-1
16011,0
16012,0
16013,1
16014,-1
16015,0
16016,1
16017,-1
16018,0
16019,-1
16020,0
16021,0
16022,0
16023,-1
16024,-1
16025,1
16026,1
16027,-1
16028,1
16029,1
16030,1
16031,0
16032,-1
16033,1
16034,0
16035,-1
16036,0
16037,-1
16038,1
16039,0
16040,1
16041,0
16042,1
16043,0
16044,-1
16045,-1
16046,-1
16047,-1
16048,1
16049,0
16050,-1
16051,1
16052,1
16053,0
16054,0
16055,-1
16056,0
16057,1
16058,-1
16059,-1
16060,0
16061,-1
16062,-1
16063,-1
16064,1
16065,-1
16066,-1
16067,1
16068,-1
16069,-1
16070,1
16071,1
16072,0
16073,1
16074,1
16075,1
16076,1
16077,-1
16078,0
16079,0
16080,1
16081,0
16082,1
16083,1
16084,0
16085,-1
16086,-1
16087,-1
16088,1
16089,0
16090,-1
16091,-1
16092,-1
16093,0
16094,0
16095,0
16096,0
16097,-1
16098,-1
16099,0
16100,-1
16101,1
16102,-1
16103,-1
16104,0
16105,-1
16106,-1
16107,-1
16108,1
16109,1
16110,-1
16111,0
16112,1
16113,0
16114,1
16115,1
16116,1
16117,1
16118,1
16119,-1
16120,-1
16121,1
16122,-1
16123,1
16124,0
16125,1
16126,-1
16127,0
16128,1
16129,0
16130,1
16131,0
16132,-1
16133,1
16134,-1
16135,0
16136,1
16137,1
16138,1
16139,1
16140,0
16141,0
16142,0
16143,0
16144,-1
16145,1
16146,1
16147,0
16148,0
16149,0
16150,0
16151,0
16152,-1
16153,-1
16154,-1
16155,-1
16156,1
16157,1
16158,1
16159,0
16160,0
16161,1
16162,1
16163,1
16164,0
16165,-1
16166,0
16167,1
16168,-1
16169,1
16170,0
16171,1
16172,1
16173,1
16174,0
16175,1
16176,0
16177,0
16178,0
16179,0
16180,-1
16181,1
16182,1
16183,0
16184,1
16185,0
16186,0
16187,0
16188,1
16189,-1
16190,-1
16191,0
16192,1
16193,0
16194,-1
16195,0
16196,1
16197,-1
16198,1
16199,1
16200,-1
16201,-1
16202,1
16203,-1
16204,1
16205,-1
16206,1
16207,0
16208,-1
16209,-1
16210,-1
16211,1
16212,0
16213,0
16214,0
16215,0
16216,0
16217,-1
16218,1
16219,1
16220,1
16221,1
16222,1
16223,-1
16224,-1
16225,0
16226,0
16227,0
16228,0
16229,-1
16230,-1
16231,-1
16232,0
16233,1
16234,0
16235,-1
16236,-1
16237,0
16238,-1
16239,-1
16240,0
16241,-1
16242,1
16243,-1
16244,0
16245,-1
16246,-1
16247,-1
16248,0
16249,1
16250,0
16251,-1
16252,1
16253,-1
16254,1
16255,0
16256,1
16257,-1
16258,-1
16259,0
16260,0
16261,0
16262,-1
16263,0
16264,1
16265,0
16266,1
16267,0
16268,0
16269,0
16270,1
16271,0
16272,1
16273,0
16274,-1
16275,-1
16276,0
16277,1
16278,1
16279,-1
16280,0
16281,1
16282,0
16283,-1
16284,0
16285,0
16286,-1
16287,1
16288,0
16289,-1
16290,-1
16291,-1
16292,1
16293,1
16294,0
16295,1
16296,-1
16297,-1
16298,0
16299,1
16300,0
16301,1
16302,1
16303,-1
16304,1
16305,1
16306,-1
16307,-1
16308,-1
16309,0
16310,-1
16311,0
16312,0
16313,-1
16314,-1
16315,0
16316,0
16317,-1
16318,1
16319,0
16320,1
16321,-1
16322,-1
16323,1
16324,0
16325,1
16326,-1
16327,0
16328,1
16329,1
16330,-1
16331,-1
16332,0
16333,-1
16334,0
16335,1
16336,0
16337,-1
16338,-1
16339,1
16340,0
16341,1
16342,1
16343,-1
16344,0
16345,0
16346,0
16347,-1
16348,1
16349,-1
16350,0
16351,-1
16352,1
16353,1
16354,-1
16355,-1
16356,1
16357,1
16358,-1
16359,0
16360,1
16361,-1
16362,1
16363,-1
16364,-1
16365,-1
16366,0
16367,0
16368,-1
16369,-1
16370,0
16371,0
16372,-1
16373,-1
16374,-1
16375,-1
16376,0
16377,-1
16378,1
16379,0
16380,-1
16381,1
16382,0
16383,1
16384,-1
16385,1
16386,1
16387,0
16388,1
16389,1
16390,-1
16391,-1
16392,0
16393,1
16394,0
16395,-1
16396,0
16397,1
16398,0
16399,0
16400,-1
16401,-1
16402,1
16403,0
16404,1
16405,1
16406,0
16407,0
16408,-1
16409,0
16410,-1
16411,1
16412,1
16413,-1
16414,1
16415,0
16416,-1
16417,-1
16418,-1
16419,-1
16420,0
16421,-1
16422,0
16423,0
16424,0
16425,1
16426,0
16427,0
16428,-1
16429,1
16430,1
16431,-1
16432,0
16433,1
16434,-1
16435,-1
16436,-1
16437,1
16438,1
16439,-1
16440,-1
16441,0
16442,-1
16443,-1
16444,1
16445,0
16446,-1
16447,0
16448,-1
16449,-1
16450,0
16451,1
16452,1
16453,0
16454,1
16455,-1
16456,-1
16457,0
16458,-1
16459,1
16460,-1
16461,1
16462,-1
16463,1
16464,1
16465,0
16466,-1
16467,0
16468,0
16469,1
16470,-1
16471,0
16472,1
16473,1
16474,-1
16475,0
16476,0
16477,1
16478,-1
16479,-1
16480,-1
16481,-1
16482,1
16483,0
16484,0
16485,1
16486,-1
16487,-1
16488,-1
16489,-1
16490,0
16491,0
16492,1
16493,1
16494,0
16495,0
16496,0
16497,0
16498,0
16499,1
16500,1
16501,1
16502,1
16503,-1
16504,1
16505,0
16506,1
16507,0
16508,1
16509,-1
16510,1
16511,-1
16512,-1
16513,0
16514,0
16515,1
16516,-1
16517,0
16518,1
16519,1
16520,-1
16521,1
16522,-1
16523,-1
16524,-1
16525,1
16526,-1
16527,-1
16528,1
16529,0
16530,-1
16531,1
16532,-1
16533,-1
16534,1
16535,-1
16536,0
16537,-1
16538,0
16539,0
16540,-1
16541,-1
16542,1
16543,1
16544,0
16545,1
16546,-1
16547,0
16548,-1
16549,1
16550,-1
16551,1
16552,-1
16553,-1
16554,0
16555,-1
16556,-1
16557,1
16558,1
16559,0
16560,0
16561,0
16562,1
16563,-1
16564,0
16565,-1
16566,1
16567,0
16568,0
16569,-1
16570,1
16571,-1
16572,0
16573,0
16574,0
16575,-1
16576,0
16577,1
16578,1
16579,-1
16580,-1
16581,-1
16582,0
16583,1
16584,-1
16585,0
16586,-1
16587,0
16588,-1
16589,0
16590,0
16591,0
16592,-1
16593,-1
16594,1
16595,0
16596,0
16597,0
16598,0
16599,1
16600,-1
16601,-1
16602,0
16603,-1
16604,0
16605,1
16606,-1
16607,0
16608,-1
16609,1
16610,-1
16611,0
16612,1
16613,-1
16614,-1
16615,-1
16616,-1
16617,0
16618,-1
16619,-1
16620,-1
16621,1
16622,1
16623,1
16624,0
16625,-1
16626,1
16627,1
16628,1
16629,0
16630,1
16631,-1
16632,-1
16633,1
16634,1
16635,0
16636,0
16637,-1
16638,-1
16639,1
16640,-1
16641,-1
16642,1
16643,-1
16644,0
16645,1
16646,0
16647,0
16648,-1
16649,-1
16650,0
16651,-1
16652,-1
16653,0
16654,0
16655,1
16656,1
16657,-1
16658,0
16659,-1
16660,-1
16661,-1
16662,-1
16663,0
16664,1
16665,1
16666,0
16667,-1
16668,-1
16669,-1
16670,1
16671,-1
16672,-1
16673,1
16674,0
16675,1
16676,0
16677,0
16678,0
16679,-1
16680,1
16681,-1
16682,-1
16683,1
16684,1
16685,1
16686,0
16687,1
16688,-1
16689,-1
16690,1
16691,0
16692,0
16693,1
16694,1
16695,0
16696,0
16697,0
16698,-1
16699,1
16700,-1
16701,-1
16702,-1
16703,1
16704,0
16705,-1
16706,-1
16707,-1
16708,-1
16709,1
16710,-1
16711,-1
16712,0
16713,-1
16714,0
16715,0
16716,0
16717,1
16718,0
16719,1
16720,-1
16721,1
16722,0
16723,-1
16724,0
16725,-1
16726,0
16727,0
16728,1
16729,1
16730,0
16731,1
16732,-1
16733,-1
16734,-1
16735,-1
16736,0
16737,0
16738,1
16739,-1
16740,-1
16741,0
16742,-1
16743,-1
16744,1
16745,-1
16746,1
16747,0
16748,-1
16749,0
16750,0
16751,1
16752,0
16753,0
16754,0
16755,0
16756,1
16757,1
16758,1
16759,1
16760,1
16761,0
16762,1
16763,1
16764,0
16765,-1
16766,-1
16767,1
16768,1
16769,1
16770,0
16771,-1
16772,1
16773,0
16774,1
16775,-1
16776,1
16777,0
16778,-1
16779,0
16780,-1
16781,0
16782,1
16783,0
16784,0
16785,-1
16786,0
16787,0
16788,1
16789,-1
16790,-1
16791,-1
16792,-1
16793,-1
16794,1
16795,0
16796,0
16797,0
16798,1
16799,0
16800,0
16801,0
16802,0
16803,0
16804,-1
16805,1
16806,-1
16807,0
16808,-1
16809,0
16810,0
16811,-1
16812,0
16813,0
16814,1
16815,1
16816,0
16817,-1
16818,-1
16819,-1
16820,1
16821,0
16822,-1
16823,-1
16824,-1
16825,-1
16826,1
16827,-1
16828,0
16829,1
16830,0
16831,0
16832,0
16833,-1
16834,1
16835,1
16836,-1
16837,0
16838,1
16839,0
16840,1
16841,-1
16842,-1
16843,-1
16844,-1
16845,0
16846,0
16847,1
16848,-1
16849,-1
16850,0
16851,-1
16852,1
16853,1
16854,0
16855,1
16856,1
16857,0
16858,1
16859,0
16860,0
16861,1
16862,0
16863,-1
16864,1
16865,-1
16866,-1
16867,-1
16868,0
16869,0
16870,0
16871,0
16872,0
16873,1
16874,0
16875,-1
16876,0
16877,0
16878,0
16879,0
16880,0
16881,1
16882,1
16883,0
16884,1
16885,-1
16886,1
16887,1
16888,0
16889,-1
16890,-1
16891,-1
16892,1
16893,1
16894,0
16895,1
16896,1
16897,0
16898,1
16899,0
16900,-1
16901,-1
16902,-1
16903,1
16904,0
16905,-1
16906,1
16907,-1
16908,1
16909,0
16910,0
16911,0
16912,0
16913,-1
16914,0
16915,0
16916,1
16917,-1
16918,0
16919,-1
16920,0
16921,0
16922,0
16923,0
16924,0
16925,-1
16926,0
16927,1
16928,1
16929,-1
16930,-1
16931,1
16932,0
16933,-1
16934,0
16935,-1
16936,-1
16937,1
16938,-1
16939,-1
16940,-1
16941,1
16942,1
16943,0
16944,1
16945,-1
16946,-1
16947,-1
16948,-1
16949,1
16950,0
16951,-1
16952,1
16953,0
16954,-1
16955,-1
16956,1
16957,-1
16958,1
16959,1
16960,1
16961,0
16962,1
16963,1
16964,-1
16965,0
16966,1
16967,-1
16968,0
16969,0
16970,0
16971,0
16972,-1
16973,1
16974,-1
16975,-1
16976,0
16977,0
16978,0
16979,-1
16980,0
16981,0
16982,-1
16983,0
16984,-1
16985,1
16986,0
16987,0
16988,-1
16989,1
16990,0
16991,0
16992,0
16993,0
16994,-1
16995,0
16996,1
16997,0
16998,0
16999,-1
17000,-1
17001,1
17002,0
17003,1
17004,0
17005,-1
17006,0
17007,-1
17008,0
17009,0
17010,-1
17011,1
17012,1
17013,-1
17014,0
17015,0
17016,0
17017,0
17018,0
17019,1
17020,0
17021,-1
17022,0
17023,-1
17024,1
17025,-1
17026,-1
17027,-1
17028,-1
17029,1
17030,0
17031,-1
17032,1
17033,1
17034,1
17035,-1
17036,-1
17037,1
17038,-1
17039,0
17040,1
17041,1
17042,0
17043,0
17044,0
17045,1
17046,1
17047,0
17048,0
17049,-1
17050,0
17051,-1
17052,-1
17053,-1
17054,0
17055,0
17056,1
17057,0
17058,-1
17059,0
17060,0
17061,1
17062,0
17063,-1
17064,-1
17065,0
17066,-1
17067,0
17068,-1
17069,0
17070,1
17071,1
17072,-1
17073,1
17074,-1
17075,1
17076,-1
17077,0
17078,1
17079,-1
17080,-1
17081,0
17082,1
17083,-1
17084,1
17085,-1
17086,1
17087,-1
17088,0
17089,0
17090,-1
17091,-1
17092,-1
17093,-1
17094,-1
17095,1
17096,-1
17097,1
17098,-1
17099,1
17100,-1
17101,-1
17102,-1
17103,-1
17104,-1
17105,0
17106,1
17107,0
17108,0
17109,1
17110,-1
17111,0
17112,1
17113,-1
17114,-1
17115,1
17116,1
17117,-1
17118,1
17119,-1
17120,1
17121,-1
17122,1
17123,0
17124,-1
17125,0
17126,0
17127,0
17128,-1
17129,-1
17130,0
17131,0
17132,1
17133,1
17134,1
17135,1
17136,1
17137,0
17138,0
17139,0
17140,1
17141,-1
17142,1
17143,0
17144,1
17145,-1
17146,1
17147,-1
17148,0
17149,-1
17150,0
17151,0
17152,-1
17153,-1
17154,1
17155,0
17156,-1
17157,-1
17158,-1
17159,0
17160,-1
17161,1
17162,0
17163,0
17164,-1
17165,-1
17166,1
17167,1
17168,0
17169,-1
17170,0
17171,1
17172,-1
17173,-1
17174,0
17175,0
17176,0
17177,1
17178,-1
17179,1
17180,0
17181,-1
17182,0
17183,0
17184,0
17185,0
17186,0
17187,0
17188,-1
17189,-1
17190,-1
17191,1
17192,0
17193,0
17194,0
17195,0
17196,1
17197,-1
17198,0
17199,0
17200,0
17201,-1
17202,0
17203,1
17204,1
17205,1
17206,-1
17207,-1
17208,1
17209,1
17210,0
17211,0
17212,0
17213,0
17214,-1
17215,-1
17216,-1
17217,0
17218,-1
17219,-1
17220,0
17221,-1
17222,-1
17223,1
17224,1
17225,1
17226,-1
17227,-1
17228,0
17229,1
17230,0
17231,0
17232,0
17233,0
17234,-1
17235,1
17236,0
17237,-1
17238,-1
17239,1
17240,1
17241,0
17242,0
17243,-1
17244,0
17245,0
17246,0
17247,1
17248,1
17249,-1
17250,-1
17251,1
17252,1
17253,-1
17254,1
17255,0
17256,-1
17257,1
17258,0
17259,0
17260,0
17261,0
17262,-1
17263,0
17264,0
17265,-1
17266,0
17267,0
17268,-1
17269,-1
17270,-1
17271,-1
17272,1
17273,-1
17274,-1
17275,-1
17276,-1
17277,-1
17278,0
17279,-1
17280,1
17281,-1
17282,1
17283,-1
17284,0
17285,1
17286,1
17287,-1
17288,1
17289,0
17290,1
17291,-1
17292,-1
17293,-1
17294,1
17295,1
17296,1
17297,1
17298,-1
17299,0
17300,0
17301,-1
17302,0
17303,-1
17304,0
17305,0
17306,-1
17307,0
17308,1
17309,1
17310,-1
17311,0
17312,-1
17313,1
17314,0
17315,1
17316,0
17317,-1
17318,1
17319,-1
17320,1
17321,1
17322,1
17323,-1
17324,1
17325,1
17326,1
17327,-1
17328,-1
17329,0
17330,-1
17331,0
17332,0
17333,-1
17334,1
17335,-1
17336,1
17337,-1
17338,0
17339,-1
17340,1
17341,-1
17342,-1
17343,1
17344,0
17345,0
17346,0
17347,0
17348,-1
17349,-1
17350,-1
17351,0
17352,1
17353,0
17354,-1
17355,-1
17356,0
17357,-1
17358,0
17359,1
17360,1
17361,1
17362,1
17363,0
17364,-1
17365,0
17366,1
17367,0
17368,1
17369,0
17370,0
17371,1
17372,1
17373,1
17374,-1
17375,0
17376,1
17377,0
17378,0
17379,-1
17380,1
17381,-1
17382,-1
17383,0
17384,0
17385,0
17386,1
17387,-1
17388,0
17389,-1
17390,0
17391,-1
17392,-1
17393,1
17394,-1
17395,1
17396,1
17397,1
17398,-1
17399,0
17400,0
17401,-1
17402,1
17403,-1
17404,0
17405,1
17406,0
17407,-1
17408,-1
17409,0
17410,1
17411,1
17412,-1
17413,-1
17414,-1
17415,0
17416,-1
17417,1
17418,0
17419,0
17420,0
17421,0
17422,0
17423,1
17424,0
17425,-1
17426,1
17427,0
17428,-1
17429,1
17430,-1
17431,1
17432,-1
17433,1
17434,-1
17435,0
17436,0
17437,0
17438,1
17439,0
17440,1
17441,-1
17442,0
17443,-1
17444,0
17445,1
17446,-1
17447,1
17448,-1
17449,-1
17450,-1
17451,-1
17452,0
17453,-1
17454,0
17455,1
17456,-1
17457,-1
17458,0
17459,0
17460,1
17461,1
17462,0
17463,0
17464,1
17465,1
17466,0
17467,-1
17468,0
17469,-1
17470,1
17471,-1
17472,0
17473,0
17474,1
17475,1
17476,1
17477,1
17478,0
17479,-1
17480,1
17481,-1
17482,0
17483,-1
17484,0
17485,1
17486,-1
17487,0
17488,1
17489,1
17490,0
17491,-1
17492,0
17493,-1
17494,0
17495,-1
17496,0
17497,0
17498,-1
17499,0
17500,-1
17501,0
17502,-1
17503,-1
17504,-1
17505,-1
17506,0
17507,-1
17508,0
17509,-1
17510,-1
17511,1
17512,0
17513,1
17514,-1
17515,-1
17516,-1
17517,1
17518,1
17519,-1
17520,0
17521,-1
17522,-1
17523,0
17524,-1
17525,0
17526,0
17527,-1
17528,-1
17529,-1
17530,0
17531,0
17532,0
17533,0
17534,-1
17535,-1
17536,1
17537,1
17538,0
17539,1
17540,0
17541,1
17542,1
17543,0
17544,0
17545,1
17546,-1
17547,-1
17548,0
17549,1
17550,-1
17551,1
17552,-1
17553,-1
17554,1
17555,0
17556,1
17557,1
17558,-1
17559,0
17560,-1
17561,0
17562,0
17563,-1
17564,1
17565,0
17566,1
17567,0
17568,-1
17569,1
17570,-1
17571,-1
17572,-1
17573,-1
17574,0
17575,0
17576,-1
17577,0
17578,-1
17579,0
17580,0
17581,1
17582,1
17583,0
17584,0
17585,-1
17586,0
17587,-1
17588,1
17589,-1
17590,-1
17591,-1
17592,0
17593,1
17594,-1
17595,0
17596,1
17597,-1
17598,0
17599,0
17600,-1
17601,1
17602,1
17603,-1
17604,1
17605,-1
17606,1
17607,1
17608,0
17609,1
17610,-1
17611,-1
17612,-1
17613,1
17614,0
17615,-1
17616,0
17617,0
17618,-1
17619,-1
17620,0
17621,1
17622,1
17623,-1
17624,-1
17625,1
17626,0
17627,-1
17628,0
17629,0
17630,-1
17631,1
17632,0
17633,1
17634,-1
17635,0
17636,1
17637,-1
17638,-1
17639,-1
17640,-1
17641,0
17642,0
17643,0
17644,1
17645,1
17646,1
17647,-1
17648,1
17649,-1
17650,-1
17651,0
17652,-1
17653,-1
17654,0
17655,-1
17656,-1
17657,-1
17658,1
17659,0
17660,-1
17661,-1
17662,1
17663,-1
17664,-1
17665,1
17666,-1
17667,-1
17668,0
17669,0
17670,1
17671,-1
17672,-1
17673,1
17674,-1
17675,0
17676,0
17677,-1
17678,-1
17679,1
17680,0
17681,1
17682,1
17683,-1
17684,-1
17685,0
17686,-1
17687,0
17688,0
17689,1
17690,1
17691,0
17692,-1
17693,1
17694,1
17695,0
17696,1
17697,0
17698,0
17699,1
17700,1
17701,-1
17702,-1
17703,1
17704,-1
17705,0
17706,0
17707,0
17708,-1
17709,0
17710,0
17711,-1
17712,0
17713,-1
17714,1
17715,1
17716,0
17717,-1
17718,-1
17719,0
17720,-1
17721,1
17722,0
17723,0
17724,-1
17725,-1
17726,1
17727,-1
17728,0
17729,-1
17730,0
17731,-1
17732,-1
17733,0
17734,-1
17735,0
17736,1
17737,1
17738,-1
17739,-1
17740,1
17741,-1
17742,-1
17743,1
17744,1
17745,0
17746,0
17747,1
17748,1
17749,-1
17750,1
17751,-1
17752,-1
17753,1
17754,-1
17755,-1
17756,1
17757,-1
17758,-1
17759,-1
17760,-1
17761,0
17762,0
17763,1
17764,1
17765,0
17766,1
17767,1
17768,1
17769,-1
17770,-1
17771,-1
17772,0
17773,0
17774,-1
17775,-1
17776,1
17777,0
17778,1
17779,1
17780,0
17781,-1
17782,1
17783,0
17784,1
17785,-1
17786,-1
17787,0
17788,0
17789,-1
17790,0
17791,0
17792,1
17793,0
17794,-1
17795,-1
17796,0
17797,-1
17798,0
17799,-1
17800,1
17801,0
17802,1
17803,0
17804,0
17805,-1
17806,0
17807,-1
17808,1
17809,0
17810,1
17811,-1
17812,0
17813,1
17814,-1
17815,1
17816,0
17817,-1
17818,0
17819,-1
17820,-1
17821,1
17822,1
17823,1
17824,1
17825,-1
17826,1
17827,1
17828,-1
17829,0
17830,-1
17831,0
17832,0
17833,0
17834,1
17835,0
17836,1
17837,1
17838,-1
17839,0
17840,1
17841,1
17842,-1
17843,1
17844,1
17845,-1
17846,0
17847,0
17848,1
17849,1
17850,0
17851,1
17852,-1
17853,1
17854,1
17855,-1
17856,-1
17857,-1
17858,1
17859,0
17860,1
17861,-1
17862,0
17863,-1
17864,1
17865,1
17866,0
17867,0
17868,0
17869,-1
17870,-1
17871,0
17872,-1
17873,1
17874,1
17875,-1
17876,0
17877,-1
17878,-1
17879,1
17880,0
17881,-1
17882,-1
17883,1
17884,1
17885,-1
17886,1
17887,1
17888,-1
17889,-1
17890,0
17891,-1
17892,-1
17893,1
17894,-1
17895,0
17896,1
17897,-1
17898,-1
17899,1
17900,0
17901,-1
17902,1
17903,-1
17904,1
17905,-1
17906,1
17907,-1
17908,-1
17909,-1
17910,0
17911,0
17912,-1
17913,-1
17914,0
17915,0
17916,0
17917,1
17918,-1
17919,-1
17920,0
17921,-1
17922,1
17923,1
17924,-1
17925,0
17926,0
17927,-1
17928,1
17929,1
17930,0
17931,1
17932,0
17933,0
17934,1
17935,0
17936,1
17937,1
17938,-1
17939,1
17940,0
17941,-1
17942,0
17943,0
17944,-1
17945,1
17946,-1
17947,-1
17948,-1
17949,1
17950,-1
17951,1
17952,-1
17953,1
17954,1
17955,0
17956,0
17957,1
17958,1
17959,-1
17960,1
17961,-1
17962,-1
17963,1
17964,1
17965,1
17966,1
17967,1
17968,1
17969,0
17970,0
17971,0
17972,1
17973,-1
17974,-1
17975,-1
17976,-1
17977,0
17978,-1
17979,-1
17980,-1
17981,0
17982,1
17983,1
17984,-1
17985,-1
17986,-1
17987,0
17988,-1
17989,-1
17990,-1
17991,-1
17992,0
17993,-1
17994,-1
17995,1
17996,0
17997,1
17998,-1
17999,-1
18000,1
18001,1
18002,0
18003,0
18004,0
18005,1
18006,-1
18007,1
18008,-1
18009,0
18010,-1
18011,1
18012,1
18013,0
18014,1
18015,0
18016,1
18017,1
18018,-1
18019,1
18020,-1
18021,0
18022,-1
18023,-1
18024,1
18025,-1
18026,1
18027,-1
18028,1
18029,1
18030,0
18031,-1
18032,-1
18033,-1
18034,1
18035,1
18036,1
18037,-1
18038,0
18039,-1
18040,-1
18041,1
18042,-1
18043,-1
18044,0
18045,-1
18046,-1
18047,0
18048,-1
18049,1
18050,1
18051,0
18052,0
18053,-1
18054,1
18055,-1
18056,-1
18057,0
18058,-1
18059,0
18060,0
18061,0
18062,0
18063,1
18064,0
18065,0
18066,1
18067,0
18068,0
18069,0
18070,0
18071,1
18072,-1
18073,-1
18074,1
18075,0
18076,1
18077,1
18078,0
18079,-1
18080,0
18081,0
18082,0
18083,1
18084,1
18085,0
18086,-1
18087,0
18088,0
18089,-1
18090,1
18091,-1
18092,1
18093,-1
18094,-1
18095,1
18096,1
18097,1
18098,-1
18099,0
18100,-1
18101,0
18102,0
18103,-1
18104,1
18105,0
18106,1
18107,0
18108,-1
18109,0
18110,1
18111,0
18112,-1
18113,1
18114,1
18115,1
18116,1
18117,1
18118,-1
18119,0
18120,0
18121,0
18122,0
18123,-1
18124,-1
18125,0
18126,-1
18127,0
18128,1
18129,-1
18130,1
18131,-1
18132,-1
18133,-1
18134,1
18135,0
18136,0
18137,-1
18138,0
18139,0
18140,-1
18141,-1
18142,0
18143,0
18144,0
18145,-1
18146,1
18147,-1
18148,-1
18149,-1
18150,0
18151,0
18152,0
18153,0
18154,0
18155,0
18156,0
18157,1
18158,1
18159,0
18160,-1
18161,0
18162,-1
18163,0
18164,0
18165,-1
18166,1
18167,-1
18168,-1
18169,1
18170,1
18171,0
18172,0
18173,1
18174,-1
18175,0
18176,0
18177,0
18178,-1
18179,-1
18180,1
18181,-1
18182,1
18183,1
18184,1
18185,1
18186,1
18187,0
18188,0
18189,1
18190,0
18191,0
18192,1
18193,-1
18194,1
18195,0
18196,-1
18197,1
18198,1
18199,0
18200,1
18201,0
18202,-1
18203,0
18204,1
18205,1
18206,0
18207,-1
18208,-1
18209,0
18210,-1
18211,0
18212,-1
18213,1
18214,1
18215,0
18216,1
18217,1
18218,0
18219,0
18220,1
18221,0
18222,-1
18223,0
18224,0
18225,1
18226,1
18227,-1
18228,0
18229,1
18230,0
18231,-1
18232,0
18233,1
18234,1
18235,-1
18236,0
18237,1
18238,-1
18239,-1
18240,1
18241,0
18242,-1
18243,0
18244,1
18245,0
18246,-1
18247,0
18248,1
18249,0
18250,0
18251,1
18252,0
18253,-1
18254,1
18255,0
18256,-1
18257,0
18258,-1
18259,-1
18260,0
18261,0
18262,-1
18263,1
18264,1
18265,-1
18266,0
18267,0
18268,1
18269,0
18270,1
18271,1
18272,1
18273,0
18274,-1
18275,1
18276,1
18277,-1
18278,1
18279,-1
18280,-1
18281,-1
18282,-1
18283,1
18284,0
18285,0
18286,0
18287,0
18288,-1
18289,-1
18290,1
18291,0
18292,1
18293,1
18294,1
18295,0
18296,1
18297,-1
18298,1
18299,0
18300,1
18301,0
18302,0
18303,0
18304,1
18305,0
18306,0
18307,1
18308,1
18309,1
18310,1
18311,0
18312,1
18313,-1
18314,1
18315,1
18316,-1
18317,0
18318,1
18319,1
18320,0
18321,0
18322,0
18323,-1
18324,0
18325,-1
18326,-1
18327,1
18328,1
18329,1
18330,1
18331,1
18332,1
18333,0
18334,1
18335,1
18336,1
18337,0
18338,0
18339,1
18340,0
18341,-1
18342,0
18343,0
18344,1
18345,0
18346,-1
18347,1
18348,-1
18349,-1
18350,-1
18351,1
18352,-1
18353,1
18354,0
18355,1
18356,0
18357,-1
18358,0
18359,1
18360,-1
18361,0
18362,1
18363,0
18364,-1
18365,1
18366,-1
18367,-1
18368,0
18369,1
18370,-1
18371,1
18372,0
18373,-1
18374,0
18375,1
18376,-1
18377,0
18378,1
18379,1
18380,-1
18381,0
18382,0
18383,1
18384,-1
18385,0
18386,-1
18387,0
18388,-1
18389,-1
18390,1
18391,0
18392,1
18393,0
18394,0
18395,-1
18396,0
18397,0
18398,1
18399,-1
18400,-1
18401,1
18402,1
18403,0
18404,-1
18405,1
18406,1
18407,-1
18408,1
18409,1
18410,1
18411,0
18412,0
18413,1
18414,0
18415,1
18416,-1
18417,-1
18418,-1
18419,-1
18420,-1
18421,-1
18422,-1
18423,1
18424,0
18425,0
18426,1
18427,-1
18428,-1
18429,0
18430,-1
18431,-1
18432,0
18433,-1
18434,1
18435,-1
18436,-1
18437,1
18438,-1
18439,0
18440,-1
18441,1
18442,1
18443,-1
18444,-1
18445,-1
18446,-1
18447,-1
18448,1
18449,0
18450,1
18451,0
18452,-1
18453,-1
18454,0
18455,0
18456,-1
18457,-1
18458,-1
18459,0
18460,0
18461,0
18462,-1
18463,1
18464,-1
18465,0
18466,1
18467,-1
18468,1
18469,-1
18470,1
18471,0
18472,1
18473,-1
18474,-1
18475,0
18476,-1
18477,0
18478,0
18479,-1
18480,0
18481,-1
18482,-1
18483,-1
18484,1
18485,-1
18486,-1
18487,-1
18488,-1
18489,0
18490,-1
18491,1
18492,-1
18493,0
18494,-1
18495,-1
18496,1
18497,-1
18498,-1
18499,1
18500,0
18501,1
18502,-1
18503,-1
18504,-1
18505,0
18506,1
18507,0
18508,0
18509,1
18510,-1
18511,1
18512,-1
18513,0
18514,1
18515,1
18516,1
18517,0
18518,1
18519,-1
18520,1
18521,0
18522,1
18523,-1
18524,-1
18525,1
18526,1
18527,0
18528,-1
18529,0
18530,0
18531,1
18532,-1
18533,1
18534,1
18535,1
18536,1
18537,-1
18538,1
18539,1
18540,0
18541,-1
18542,1
18543,-1
18544,-1
18545,1
18546,-1
18547,-1
18548,0
18549,-1
18550,0
18551,-1
18552,0
18553,1
18554,1
18555,1
18556,-1
18557,0
18558,0
18559,-1
18560,0
18561,1
18562,-1
18563,-1
18564,0
18565,0
18566,-1
18567,0
18568,0
18569,0
18570,0
18571,0
18572,-1
18573,0
18574,0
18575,-1
18576,1
18577,1
18578,1
18579,0
18580,0
18581,1
18582,1
18583,-1
18584,0
18585,1
18586,-1
18587,0
18588,1
18589,1
18590,-1
18591,1
18592,1
18593,0
18594,-1
18595,0
18596,1
18597,-1
18598,1
18599,1
18600,-1
18601,0
18602,-1
18603,0
18604,-1
18605,-1
18606,-1
18607,-1
18608,0
18609,0
18610,0
18611,-1
18612,0
18613,-1
18614,1
18615,1
18616,1
18617,0
18618,-1
18619,0
18620,0
18621,0
18622,-1
18623,-1
18624,0
18625,1
18626,1
18627,-1
18628,-1
18629,0
18630,1
18631,-1
18632,0
18633,1
18634,1
18635,1
18636,0
18637,-1
18638,1
18639,-1
18640,-1
18641,0
18642,-1
18643,0
18644,0
18645,1
18646,1
18647,-1
18648,1
18649,0
18650,-1
18651,0
18652,-1
18653,-1
18654,0
18655,1
18656,-1
18657,1
18658,1
18659,1
18660,-1
18661,0
18662,-1
18663,1
18664,1
18665,-1
18666,0
18667,0
18668,0
18669,-1
18670,1
18671,0
18672,-1
18673,-1
18674,1
18675,0
18676,1
18677,0
18678,-1
18679,-1
18680,-1
18681,-1
18682,-1
18683,-1
18684,1
18685,0
18686,0
18687,-1
18688,0
18689,-1
18690,0
18691,0
18692,1
18693,0
18694,0
18695,1
18696,1
18697,0
18698,1
18699,-1
18700,1
18701,-1
18702,-1
18703,-1
18704,1
18705,-1
18706,1
18707,-1
18708,1
18709,1
18710,1
18711,-1
18712,0
18713,1
18714,-1
18715,-1
18716,0
18717,-1
18718,-1
18719,-1
18720,1
18721,0
18722,0
18723,-1
18724,1
18725,0
18726,1
18727,1
18728,1
18729,0
18730,-1
18731,1
18732,0
18733,0
18734,0
18735,-1
18736,1
18737,-1
18738,-1
18739,1
18740,0
18741,1
18742,0
18743,1
18744,1
18745,-1
18746,1
18747,1
18748,-1
18749,-1
18750,0
18751,0
18752,0
18753,1
18754,0
18755,1
18756,-1
18757,1
18758,-1
18759,1
18760,0
18761,-1
18762,1
18763,0
18764,-1
18765,0
18766,0
18767,-1
18768,0
18769,1
18770,1
18771,1
18772,0
18773,1
18774,0
18775,-1
18776,0
18777,0
18778,-1
18779,-1
18780,1
18781,0
18782,1
18783,1
18784,0
18785,-1
18786,0
18787,1
18788,1
18789,1
18790,1
18791,0
18792,0
18793,-1
18794,0
18795,0
18796,1
18797,1
18798,-1
18799,-1
18800,1
18801,0
18802,1
18803,-1
18804,0
18805,-1
18806,-1
18807,0
18808,-1
18809,0
18810,-1
18811,0
18812,-1
18813,-1
18814,1
18815,0
18816,0
18817,0
18818,0
18819,0
18820,0
18821,1
18822,-1
18823,-1
18824,-1
18825,0
18826,-1
18827,-1
18828,0
18829,1
18830,-1
18831,-1
18832,1
18833,1
18834,1
18835,1
18836,0
18837,1
18838,-1
18839,1
18840,-1
18841,0
18842,1
18843,-1
18844,0
18845,-1
18846,1
18847,1
18848,1
18849,0
18850,0
18851,1
18852,-1
18853,-1
18854,0
18855,1
18856,0
18857,-1
18858,0
18859,-1
18860,1
18861,1
18862,-1
18863,0
18864,-1
18865,1
18866,1
18867,1
18868,-1
18869,0
18870,-1
18871,0
18872,0
18873,-1
18874,1
18875,0
18876,0
18877,1
18878,1
18879,1
18880,1
18881,1
18882,-1
18883,1
18884,0
18885,1
18886,-1
18887,-1
18888,-1
18889,1
18890,1
18891,1
18892,0
18893,-1
18894,1
18895,0
18896,1
18897,0
18898,1
18899,-1
18900,1
18901,0
18902,-1
18903,1
18904,1
18905,-1
18906,0
18907,-1
18908,1
18909,1
18910,0
18911,-1
18912,-1
18913,1
18914,-1
18915,-1
18916,1
18917,1
18918,1
18919,-1
18920,0
18921,-1
18922,0
18923,-1
18924,0
18925,1
18926,1
18927,0
18928,-1
18929,1
18930,-1
18931,0
18932,0
18933,1
18934,1
18935,1
18936,1
18937,1
18938,-1
18939,1
18940,-1
18941,1
18942,-1
18943,1
18944,0
18945,-1
18946,-1
18947,1
18948,-1
18949,0
18950,0
18951,0
18952,1
18953,1
18954,0
18955,0
18956,0
18957,0
18958,1
18959,1
18960,0
18961,0
18962,-1
18963,-1
18964,1
18965,1
18966,-1
18967,-1
18968,0
18969,1
18970,0
18971,1
18972,0
18973,1
18974,1
18975,1
18976,1
18977,0
18978,1
18979,-1
18980,1
18981,0
18982,0
18983,0
18984,-1
18985,1
18986,1
18987,0
18988,-1
18989,1
18990,-1
18991,-1
18992,1
18993,-1
18994,0
18995,1
18996,0
18997,-1
18998,-1
18999,1
19000,0
19001,0
19002,-1
19003,0
19004,1
19005,1
19006,0
19007,0
19008,0
19009,0
19010,0
19011,0
19012,0
19013,0
19014,0
19015,-1
19016,0
19017,1
19018,0
19019,1
19020,1
19021,1
19022,-1
19023,-1
19024,0
19025,0
19026,1
19027,0
19028,-1
19029,1
19030,0
19031,-1
19032,0
19033,-1
19034,0
19035,-1
19036,-1
19037,-1
19038,-1
19039,0
19040,-1
19041,-1
19042,-1
19043,-1
19044,-1
19045,0
19046,1
19047,0
19048,1
19049,-1
19050,1
19051,1
19052,-1
19053,1
19054,0
19055,0
19056,1
19057,0
19058,0
19059,1
19060,1
19061,0
19062,0
19063,-1
19064,0
19065,0
19066,0
19067,-1
19068,-1
19069,-1
19070,0
19071,-1
19072,0
19073,-1
19074,0
19075,1
19076,1
19077,1
19078,1
19079,0
19080,-1
19081,0
19082,1
19083,1
19084,1
19085,-1
19086,-1
19087,-1
19088,-1
19089,-1
19090,1
19091,-1
19092,0
19093,1
19094,-1
19095,-1
19096,0
19097,0
19098,0
19099,0
19100,1
19101,1
19102,1
19103,-1
19104,-1
19105,1
19106,-1
19107,-1
19108,0
19109,-1
19110,1
19111,0
19112,-1
19113,1
19114,1
19115,1
19116,1
19117,1
19118,1
19119,0
19120,0
19121,-1
19122,1
19123,-1
19124,-1
19125,-1
19126,-1
19127,1
19128,0
19129,1
19130,1
19131,-1
19132,-1
19133,1
19134,-1
19135,-1
19136,0
19137,0
19138,0
19139,1
19140,-1
19141,0
19142,0
19143,1
19144,1
19145,-1
19146,0
19147,0
19148,1
19149,0
19150,0
19151,1
19152,-1
19153,-1
19154,0
19155,1
19156,1
19157,0
19158,0
19159,1
19160,1
19161,0
19162,0
19163,0
19164,1
19165,-1
19166,0
19167,1
19168,0
19169,1
19170,1
19171,-1
19172,-1
19173,-1
19174,1
19175,-1
19176,1
19177,0
19178,1
19179,-1
19180,1
19181,1
19182,-1
19183,-1
19184,-1
19185,0
19186,-1
19187,1
19188,-1
19189,-1
19190,-1
19191,-1
19192,1
19193,1
19194,0
19195,1
19196,1
19197,0
19198,1
19199,-1
19200,1
19201,-1
19202,1
19203,-1
19204,0
19205,-1
19206,0
19207,1
19208,1
19209,1
19210,1
19211,-1
19212,0
19213,-1
19214,-1
19215,1
19216,0
19217,-1
19218,1
19219,1
19220,0
19221,0
19222,-1
19223,1
19224,1
19225,0
19226,1
19227,0
19228,0
19229,1
19230,0
19231,-1
19232,0
19233,0
19234,-1
19235,-1
19236,1
19237,1
19238,-1
19239,0
19240,1
19241,1
19242,0
19243,-1
19244,0
19245,0
19246,0
19247,-1
19248,0
19249,-1
19250,-1
19251,0
19252,-1
19253,1
19254,-1
19255,0
19256,-1
19257,0
19258,-1
19259,0
19260,0
19261,1
19262,1
19263,0
19264,0
19265,0
19266,1
19267,1
19268,0
19269,1
19270,1
19271,0
19272,0
19273,-1
19274,1
19275,0
19276,1
19277,-1
19278,-1
19279,1
19280,0
19281,-1
19282,1
19283,0
19284,0
19285,1
19286,-1
19287,1
19288,-1
19289,1
19290,0
19291,0
19292,0
19293,1
19294,1
19295,1
19296,0
19297,1
19298,-1
19299,0
19300,0
19301,1
19302,-1
19303,1
19304,0
19305,1
19306,1
19307,1
19308,0
19309,1
19310,-1
19311,0
19312,-1
19313,-1
19314,-1
19315,1
19316,-1
19317,-1
19318,0
19319,1
19320,-1
19321,0
19322,1
19323,-1
19324,1
19325,0
19326,1
19327,-1
19328,-1
19329,0
19330,-1
19331,0
19332,-1
19333,0
19334,1
19335,-1
19336,0
19337,1
19338,1
19339,1
19340,1
19341,1
19342,0
19343,0
19344,1
19345,0
19346,-1
19347,-1
19348,0
19349,1
19350,-1
19351,1
19352,-1
19353,1
19354,-1
19355,0
19356,-1
19357,0
19358,-1
19359,-1
19360,0
19361,1
19362,0
19363,-1
19364,1
19365,1
19366,-1
19367,-1
19368,-1
19369,-1
19370,1
19371,1
19372,0
19373,1
19374,1
19375,-1
19376,0
19377,0
19378,0
19379,-1
19380,0
19381,0
19382,1
19383,1
19384,0
19385,1
19386,-1
19387,0
19388,0
19389,-1
19390,1
19391,0
19392,1
19393,0
19394,0
19395,1
19396,0
19397,0
19398,1
19399,0
19400,-1
19401,0
19402,1
19403,0
19404,0
19405,-1
19406,1
19407,0
19408,1
19409,1
19410,-1
19411,-1
19412,-1
19413,0
19414,-1
19415,0
19416,1
19417,1
19418,1
19419,-1
19420,0
19421,1
19422,0
19423,1
19424,0
19425,0
19426,0
19427,0
19428,-1
19429,1
19430,1
19431,1
19432,-1
19433,0
19434,1
19435,1
19436,-1
19437,-1
19438,0
19439,-1
19440,0
19441,1
19442,0
19443,0
19444,0
19445,0
19446,-1
19447,-1
19448,0
19449,0
19450,0
19451,-1
19452,1
19453,-1
19454,-1
19455,0
19456,1
19457,-1
19458,1
19459,-1
19460,-1
19461,1
19462,1
19463,1
19464,-1
19465,0
19466,0
19467,0
19468,-1
19469,0
19470,-1
19471,1
19472,-1
19473,1
19474,1
19475,1
19476,1
19477,0
19478,0
19479,-1
19480,1
19481,0
19482,1
19483,1
19484,1
19485,0
19486,1
19487,0
19488,-1
19489,0
19490,0
19491,-1
19492,-1
19493,1
19494,0
19495,-1
19496,1
19497,1
19498,1
19499,-1
19500,0
19501,0
19502,-1
19503,-1
19504,1
19505,-1
19506,1
19507,0
19508,-1
19509,-1
19510,-1
19511,0
19512,0
19513,1
19514,1
19515,-1
19516,0
19517,1
19518,1
19519,-1
19520,-1
19521,1
19522,-1
19523,1
19524,1
19525,0
19526,0
19527,0
19528,1
19529,1
19530,-1
19531,1
19532,1
19533,0
19534,0
19535,-1
19536,-1
19537,1
19538,1
19539,0
19540,0
19541,-1
19542,1
19543,-1
19544,-1
19545,-1
19546,1
19547,1
19548,-1
19549,1
19550,0
19551,0
19552,0
19553,-1
19554,0
19555,1
19556,0
19557,0
19558,0
19559,1
19560,1
19561,-1
19562,0
19563,0
19564,-1
19565,0
19566,-1
19567,-1
19568,-1
19569,-1
19570,0
19571,-1
19572,1
19573,-1
19574,-1
19575,0
19576,1
19577,-1
19578,1
19579,0
19580,1
19581,0
19582,-1
19583,0
19584,0
19585,-1
19586,0
19587,0
19588,0
19589,0
19590,-1
19591,0
19592,1
19593,0
19594,1
19595,1
19596,-1
19597,1
19598,1
19599,0
19600,0
19601,1
19602,0
19603,-1
19604,0
19605,0
19606,1
19607,-1
19608,0
19609,1
19610,0
19611,-1
19612,0
19613,-1
19614,-1
19615,-1
19616,1
19617,-1
19618,-1
19619,-1
19620,1
19621,1
19622,-1
19623,-1
19624,0
19625,-1
19626,0
19627,0
19628,-1
19629,0
19630,0
19631,1
19632,0
19633,0
19634,-1
19635,1
19636,-1
19637,0
19638,1
19639,1
19640,1
19641,-1
19642,-1
19643,0
19644,0
19645,-1
19646,1
19647,-1
19648,0
19649,-1
19650,0
19651,-1
19652,-1
19653,-1
19654,1
19655,0
19656,-1
19657,1
19658,-1
19659,1
19660,0
19661,-1
19662,0
19663,-1
19664,0
19665,1
19666,-1
19667,-1
19668,1
19669,0
19670,0
19671,0
19672,-1
19673,1
19674,0
19675,-1
19676,1
19677,0
19678,1
19679,0
19680,0
19681,1
19682,-1
19683,-1
19684,1
19685,-1
19686,-1
19687,0
19688,1
19689,1
19690,1
19691,-1
19692,-1
19693,-1
19694,1
19695,1
19696,-1
19697,1
19698,0
19699,1
19700,1
19701,0
19702,-1
19703,0
19704,0
19705,-1
19706,0
19707,-1
19708,0
19709,1
19710,1
19711,-1
19712,0
19713,1
19714,1
19715,0
19716,1
19717,0
19718,0
19719,-1
19720,0
19721,0
19722,0
19723,0
19724,1
19725,1
19726,-1
19727,0
19728,-1
19729,-1
19730,0
19731,1
19732,-1
19733,-1
19734,1
19735,-1
19736,0
19737,0
19738,1
19739,-1
19740,1
19741,0
19742,1
19743,1
19744,0
19745,1
19746,1
19747,0
19748,1
19749,0
19750,0
19751,0
19752,0
19753,-1
19754,-1
19755,0
19756,0
19757,0
19758,1
19759,1
19760,-1
19761,1
19762,1
19763,-1
19764,1
19765,1
19766,-1
19767,-1
19768,0
19769,0
19770,1
19771,-1
19772,-1
19773,1
19774,-1
19775,-1
19776,-1
19777,-1
19778,-1
19779,0
19780,1
19781,-1
19782,1
19783,-1
19784,0
19785,-1
19786,-1
19787,0
19788,0
19789,-1
19790,-1
19791,-1
19792,-1
19793,-1
19794,0
19795,-1
19796,1
19797,-1
19798,0
19799,1
19800,1
19801,-1
19802,1
19803,1
19804,1
19805,0
19806,-1
19807,1
19808,1
19809,-1
19810,0
19811,-1
19812,1
19813,0
19814,-1
19815,-1
19816,1
19817,1
19818,0
19819,-1
19820,1
19821,-1
19822,1
19823,-1
19824,1
19825,1
19826,-1
19827,-1
19828,1
19829,0
19830,-1
19831,-1
19832,0
19833,1
19834,-1
19835,1
19836,-1
19837,-1
19838,-1
19839,0
19840,0
19841,1
19842,1
19843,1
19844,0
19845,-1
19846,-1
19847,0
19848,-1
19849,1
19850,1
19851,1
19852,0
19853,-1
19854,0
19855,-1
19856,1
19857,1
19858,0
19859,0
19860,0
19861,0
19862,0
19863,-1
19864,-1
19865,-1
19866,1
19867,-1
19868,1
19869,1
19870,1
19871,0
19872,0
19873,-1
19874,0
19875,-1
19876,-1
19877,1
19878,1
19879,1
19880,1
19881,1
19882,-1
19883,-1
19884,0
19885,-1
19886,0
19887,0
19888,0
19889,1
19890,0
19891,1
19892,-1
19893,-1
19894,0
19895,1
19896,-1
19897,1
19898,1
19899,-1
19900,0
19901,-1
19902,-1
19903,1
19904,0
19905,0
19906,0
19907,0
19908,-1
19909,-1
19910,0
19911,1
19912,-1
19913,-1
19914,0
19915,-1
19916,1
19917,0
19918,-1
19919,-1
19920,0
19921,1
19922,0
19923,0
19924,0
19925,0
19926,-1
19927,0
19928,-1
19929,1
19930,-1
19931,-1
19932,-1
19933,1
19934,-1
19935,1
19936,-1
19937,1
19938,0
19939,-1
19940,-1
19941,-1
19942,1
19943,-1
19944,0
19945,-1
19946,1
19947,-1
19948,1
19949,-1
19950,0
19951,1
19952,0
19953,1
19954,0
19955,1
19956,-1
19957,0
19958,0
19959,1
19960,1
19961,1
19962,0
19963,-1
19964,0
19965,-1
19966,1
19967,1
19968,-1
19969,0
19970,1
19971,0
19972,1
19973,1
19974,0
19975,1
19976,0
19977,1
19978,0
19979,1
19980,-1
19981,0
19982,0
19983,1
19984,-1
19985,0
19986,-1
19987,1
19988,0
19989,-1
19990,0
19991,-1
19992,1
19993,1
19994,-1
19995,0
19996,0
19997,0
19998,-1
19999,1
20000,0
20001,0
20002,-1
20003,1
20004,-1
20005,0
20006,1
20007,-1
20008,1
20009,1
20010,1
20011,1
20012,1
20013,1
20014,1
20015,1
20016,0
20017,0
20018,1
20019,1
20020,1
20021,0
20022,-1
20023,0
20024,-1
20025,0
20026,1
20027,0
20028,0
20029,-1
20030,-1
20031,-1
20032,-1
20033,1
20034,1
20035,-1
20036,-1
20037,-1
20038,1
20039,-1
20040,-1
20041,-1
20042,-1
20043,1
20044,1
20045,-1
20046,1
20047,0
20048,0
20049,-1
20050,0
20051,1
20052,1
20053,1
20054,0
20055,0
20056,-1
20057,0
20058,0
20059,-1
20060,0
20061,0
20062,0
20063,1
20064,0
20065,0
20066,0
20067,-1
20068,0
20069,1
20070,-1
20071,-1
20072,1
20073,-1
20074,-1
20075,0
20076,-1
20077,1
20078,-1
20079,1
20080,0
20081,-1
20082,1
20083,-1
20084,1
20085,-1
20086,0
20087,1
20088,0
20089,-1
20090,0
20091,0
20092,0
20093,-1
20094,-1
20095,1
20096,0
20097,0
20098,-1
20099,0
20100,1
20101,-1
20102,-1
20103,0
20104,-1
20105,1
20106,0
20107,0
20108,1
20109,1
20110,-1
20111,1
20112,-1
20113,0
20114,0
20115,0
20116,-1
20117,-1
20118,0
20119,0
20120,1
20121,1
20122,1
20123,-1
20124,-1
20125,-1
20126,0
20127,1
20128,-1
20129,0
20130,-1
20131,-1
20132,1
20133,1
20134,0
20135,0
20136,-1
20137,1
20138,1
20139,-1
20140,-1
20141,1
20142,-1
20143,-1
20144,0
20145,0
20146,-1
20147,-1
20148,0
20149,-1
20150,-1
20151,-1
20152,1
20153,-1
20154,-1
20155,-1
20156,-1
20157,0
20158,0
20159,0
20160,0
20161,0
20162,0
20163,1
20164,-1
20165,1
20166,0
20167,1
20168,0
20169,0
20170,1
20171,0
20172,0
20173,0
20174,1
20175,1
20176,0
20177,1
20178,1
20179,-1
20180,1
20181,0
20182,1
20183,1
20184,1
20185,-1
20186,0
20187,-1
20188,0
20189,0
20190,-1
20191,1
20192,-1
20193,-1
20194,1
20195,1
20196,1
20197,1
20198,-1
20199,-1
20200,0
20201,0
20202,1
20203,1
20204,-1
20205,1
20206,1
20207,-1
20208,1
20209,0
20210,1
20211,0
20212,1
20213,0
20214,0
20215,-1
20216,-1
20217,1
20218,-1
20219,-1
20220,1
20221,0
20222,1
20223,1
20224,1
20225,-1
20226,-1
20227,0
20228,0
20229,0
20230,1
20231,0
20232,-1
20233,1
20234,1
20235,0
20236,-1
20237,1
20238,-1
20239,1
20240,1
20241,1
20242,-1
20243,1
20244,0
20245,-1
20246,-1
20247,-1
20248,-1
20249,0
20250,-1
20251,0
20252,1
20253,1
20254,0
20255,0
20256,-1
20257,0
20258,0
20259,-1
20260,-1
20261,-1
20262,0
20263,0
20264,-1
20265,0
20266,0
20267,-1
20268,-1
20269,0
20270,1
20271,1
20272,-1
20273,-1
20274,-1
20275,0
20276,-1
20277,-1
20278,1
20279,1
20280,1
20281,1
20282,1
20283,-1
20284,-1
20285,1
20286,-1
20287,1
20288,-1
20289,0
20290,1
20291,0
20292,1
20293,0
20294,-1
20295,0
20296,1
20297,-1
20298,0
20299,0
20300,-1
20301,-1
20302,0
20303,0
20304,-1
20305,0
20306,1
20307,-1
20308,0
20309,0
20310,0
20311,0
20312,0
20313,1
20314,-1
20315,-1
20316,0
20317,1
20318,-1
20319,-1
20320,0
20321,-1
20322,0
20323,-1
20324,1
20325,1
20326,1
20327,-1
20328,-1
20329,-1
20330,1
20331,0
20332,0
20333,1
20334,0
20335,1
20336,-1
20337,0
20338,0
20339,0
20340,-1
20341,-1
20342,-1
20343,-1
20344,1
20345,-1
20346,-1
20347,0
20348,-1
20349,0
20350,-1
20351,1
20352,-1
20353,1
20354,0
20355,-1
20356,1
20357,-1
20358,0
20359,1
20360,-1
20361,-1
20362,1
20363,1
20364,0
20365,1
20366,0
20367,-1
20368,-1
20369,-1
20370,-1
20371,1
20372,1
20373,-1
20374,0
20375,-1
20376,-1
20377,-1
20378,0
20379,0
20380,-1
20381,0
20382,1
20383,-1
20384,0
20385,-1
20386,0
20387,1
20388,0
20389,-1
20390,-1
20391,-1
20392,1
20393,-1
20394,1
20395,0
20396,0
20397,-1
20398,0
20399,1
20400,1
20401,0
20402,1
20403,0
20404,-1
20405,0
20406,-1
20407,1
20408,-1
20409,1
20410,1
20411,0
20412,-1
20413,-1
20414,1
20415,-1
20416,-1
20417,1
20418,1
20419,0
20420,-1
20421,0
20422,-1
20423,-1
20424,1
20425,1
20426,-1
20427,0
20428,-1
20429,-1
20430,1
20431,-1
20432,-1
20433,1
20434,-1
20435,1
20436,1
20437,1
20438,0
20439,1
20440,-1
20441,0
20442,-1
20443,-1
20444,1
20445,-1
20446,0
20447,-1
20448,1
20449,-1
20450,0
20451,-1
20452,-1
20453,-1
20454,1
20455,-1
20456,1
20457,1
20458,0
20459,0
20460,-1
20461,0
20462,1
20463,0
20464,1
20465,-1
20466,0
20467,-1
20468,0
20469,-1
20470,0
20471,1
20472,-1
20473,1
20474,1
20475,1
20476,-1
20477,-1
20478,0
20479,1
20480,1
20481,-1
20482,0
20483,0
20484,0
20485,0
20486,0
20487,-1
20488,0
20489,1
20490,0
20491,0
20492,0
20493,0
20494,0
20495,1
20496,0
20497,-1
20498,0
20499,0
20500,1
20501,0
20502,-1
20503,1
20504,0
20505,1
20506,1
20507,-1
20508,1
20509,1
20510,0
20511,0
20512,0
20513,-1
20514,1
20515,1
20516,-1
20517,1
20518,-1
20519,1
20520,-1
20521,1
20522,0
20523,-1
20524,-1
20525,0
20526,-1
20527,0
20528,0
20529,-1
20530,0
20531,-1
20532,0
20533,0
20534,1
20535,-1
20536,0
20537,0
20538,1
20539,0
20540,0
20541,1
20542,0
20543,0
20544,-1
20545,0
20546,-1
20547,0
20548,0
20549,-1
20550,-1
20551,-1
20552,-1
20553,0
20554,0
20555,1
20556,0
20557,0
20558,-1
20559,0
20560,-1
20561,0
20562,1
20563,1
20564,1
20565,1
20566,0
20567,0
20568,0
20569,-1
20570,-1
20571,-1
20572,1
20573,-1
20574,1
20575,-1
20576,0
20577,0
20578,-1
20579,1
20580,1
20581,0
20582,0
20583,-1
20584,1
20585,-1
20586,1
20587,1
20588,0
20589,-1
20590,-1
20591,-1
20592,0
20593,-1
20594,0
20595,0
20596,0
20597,-1
20598,1
20599,0
20600,-1
20601,-1
20602,-1
20603,1
20604,0
20605,0
20606,1
20607,1
20608,-1
20609,0
20610,1
20611,-1
20612,0
20613,0
20614,-1
20615,1
20616,0
20617,0
20618,-1
20619,1
20620,0
20621,0
20622,1
20623,0
20624,-1
20625,-1
20626,1
20627,-1
20628,0
20629,0
20630,1
20631,1
20632,0
20633,1
20634,1
20635,-1
20636,0
20637,0
20638,1
20639,1
20640,1
20641,-1
20642,1
20643,-1
20644,-1
20645,1
20646,0
20647,1
20648,-1
20649,-1
20650,0
20651,-1
20652,0
20653,-1
20654,1
20655,-1
20656,-1
20657,0
20658,0
20659,1
20660,1
20661,-1
20662,1
20663,-1
20664,1
20665,1
20666,1
20667,1
20668,0
20669,-1
20670,-1
20671,1
20672,0
20673,0
20674,-1
20675,-1
20676,1
20677,1
20678,-1
20679,-1
20680,-1
20681,-1
20682,0
20683,1
20684,1
20685,1
20686,1
20687,-1
20688,0
20689,1
20690,-1
20691,-1
20692,0
20693,-1
20694,-1
20695,-1
20696,-1
20697,1
20698,1
20699,0
20700,0
20701,-1
20702,1
20703,0
20704,1
20705,0
20706,0
20707,0
20708,0
20709,-1
20710,-1
20711,1
20712,1
20713,-1
20714,-1
20715,-1
20716,0
20717,0
20718,1
20719,1
20720,0
20721,1
20722,1
20723,0
20724,-1
20725,-1
20726,1
20727,1
20728,-1
20729,-1
20730,0
20731,0
20732,-1
20733,-1
20734,0
20735,0
20736,0
20737,1
20738,1
20739,0
20740,-1
20741,0
20742,1
20743,-1
20744,-1
20745,1
20746,1
20747,1
20748,-1
20749,-1
20750,-1
20751,-1
20752,-1
20753,-1
20754,-1
20755,0
20756,0
20757,-1
20758,1
20759,0
20760,0
20761,0
20762,1
20763,0
20764,1
20765,-1
20766,0
20767,0
20768,-1
20769,-1
20770,0
20771,0
20772,1
20773,0
20774,1
20775,0
20776,1
20777,1
20778,-1
20779,-1
20780,1
20781,0
20782,0
20783,-1
20784,0
20785,-1
20786,0
20787,0
20788,1
20789,-1
20790,0
20791,-1
20792,0
20793,-1
20794,0
20795,1
20796,1
20797,-1
20798,1
20799,-1
20800,-1
20801,0
20802,-1
20803,0
20804,-1
20805,-1
20806,0
20807,-1
20808,0
20809,-1
20810,0
20811,1
20812,-1
20813,0
20814,0
20815,1
20816,0
20817,-1
20818,1
20819,1
20820,-1
20821,1
20822,-1
20823,-1
20824,-1
20825,-1
20826,0
20827,1
20828,-1
20829,0
20830,1
20831,0
20832,-1
20833,-1
20834,-1
20835,-1
20836,-1
20837,0
20838,-1
20839,1
20840,1
20841,1
20842,0
20843,1
20844,1
20845,0
20846,0
20847,1
20848,1
20849,0
20850,1
20851,-1
20852,0
20853,1
20854,0
20855,1
20856,1
20857,0
20858,1
20859,0
20860,-1
20861,0
20862,0
20863,1
20864,0
20865,-1
20866,-1
20867,1
20868,1
20869,-1
20870,-1
20871,-1
20872,-1
20873,-1
20874,0
20875,0
20876,-1
20877,0
20878,1
20879,0
20880,1
20881,0
20882,0
20883,1
20884,-1
20885,0
20886,1
20887,1
20888,-1
20889,0
20890,-1
20891,0
20892,1
20893,1
20894,1
20895,1
20896,0
20897,0
20898,0
20899,0
20900,0
20901,1
20902,-1
20903,0
20904,1
20905,-1
20906,1
20907,0
20908,-1
20909,1
20910,0
20911,0
20912,0
20913,1
20914,-1
20915,-1
20916,0
20917,1
20918,1
20919,0
20920,0
20921,-1
20922,-1
20923,-1
20924,1
20925,0
20926,-1
20927,0
20928,1
20929,1
20930,0
20931,-1
20932,1
20933,-1
20934,0
20935,-1
20936,1
20937,0
20938,-1
20939,1
20940,-1
20941,-1
20942,-1
20943,0
20944,1
20945,0
20946,1
20947,-1
20948,-1
20949,-1
20950,-1
20951,0
20952,1
20953,-1
20954,-1
20955,0
20956,1
20957,1
20958,1
20959,0
20960,-1
20961,0
20962,1
20963,1
20964,1
20965,-1
20966,0
20967,1
20968,1
20969,0
20970,1
20971,0
20972,-1
20973,0
20974,-1
20975,0
20976,0
20977,-1
20978,0
20979,1
20980,1
20981,-1
20982,-1
20983,0
20984,0
20985,0
20986,1
20987,-1
20988,1
20989,1
20990,-1
20991,1
20992,1
20993,0
20994,0
20995,1
20996,-1
20997,-1
20998,0
20999,0
21000,-1
21001,1
21002,-1
21003,0
21004,-1
21005,1
21006,-1
21007,-1
21008,1
21009,1
21010,1
21011,-1
21012,1
21013,0
21014,-1
21015,1
21016,1
21017,0
21018,-1
21019,0
21020,1
21021,0
21022,1
21023,1
21024,1
21025,0
21026,1
21027,0
21028,-1
21029,0
21030,-1
21031,0
21032,-1
21033,0
21034,0
21035,1
21036,0
21037,1
21038,0
21039,1
21040,0
21041,0
21042,-1
21043,1
21044,1
21045,0
21046,-1
21047,0
21048,0
21049,1
21050,-1
21051,0
21052,1
21053,1
21054,0
21055,-1
21056,1
21057,1
21058,1
21059,-1
21060,0
21061,-1
21062,-1
21063,-1
21064,0
21065,1
21066,-1
21067,0
21068,1
21069,1
21070,-1
21071,-1
21072,-1
21073,1
21074,1
21075,-1
21076,1
21077,0
21078,0
21079,-1
21080,0
21081,1
21082,0
21083,0
21084,0
21085,-1
21086,1
21087,0
21088,1
21089,-1
21090,1
21091,1
21092,1
21093,-1
21094,1
21095,1
21096,1
21097,-1
21098,0
21099,1
21100,0
21101,0
21102,0
21103,-1
21104,0
21105,1
21106,0
21107,0
21108,0
21109,1
21110,1
21111,0
21112,-1
21113,0
21114,0
21115,0
21116,0
21117,-1
21118,-1
21119,0
21120,-1
21121,-1
21122,-1
21123,1
21124,0
21125,0
21126,-1
21127,-1
21128,-1
21129,0
21130,-1
21131,0
21132,-1
21133,-1
21134,0
21135,0
21136,1
21137,1
21138,1
21139,-1
21140,-1
21141,0
21142,0
21143,1
21144,0
21145,-1
21146,-1
21147,0
21148,-1
21149,-1
21150,-1
21151,0
21152,-1
21153,1
21154,1
21155,0
21156,1
21157,1
21158,-1
21159,0
21160,-1
21161,0
21162,0
21163,0
21164,0
21165,0
21166,-1
21167,1
21168,1
21169,-1
21170,-1
21171,0
21172,0
21173,-1
21174,1
21175,-1
21176,1
21177,-1
21178,-1
21179,1
21180,0
21181,-1
21182,-1
21183,0
21184,0
21185,-1
21186,-1
21187,0
21188,-1
21189,1
21190,1
21191,-1
21192,-1
21193,-1
21194,1
21195,1
21196,-1
21197,0
21198,0
21199,0
21200,0
21201,1
21202,-1
21203,-1
21204,-1
21205,-1
21206,0
21207,-1
21208,0
21209,1
21210,-1
21211,1
21212,0
21213,0
21214,0
21215,1
21216,-1
21217,1
21218,0
21219,0
21220,0
21221,1
21222,1
21223,-1
21224,-1
21225,-1
21226,1
21227,0
21228,1
21229,0
21230,-1
21231,1
21232,-1
21233,0
21234,-1
21235,-1
21236,0
21237,-1
21238,0
21239,1
21240,-1
21241,0
21242,-1
21243,1
21244,-1
21245,-1
21246,0
21247,-1
21248,-1
21249,1
21250,1
21251,1
21252,0
21253,0
21254,1
21255,0
21256,0
21257,0
21258,-1
21259,0
21260,0
21261,-1
21262,-1
21263,1
21264,-1
21265,1
21266,1
21267,1
21268,-1
21269,1
21270,-1
21271,1
21272,-1
21273,1
21274,-1
21275,0
21276,-1
21277,1
21278,0
21279,0
21280,-1
21281,0
21282,-1
21283,0
21284,1
21285,-1
21286,-1
21287,-1
21288,-1
21289,-1
21290,1
21291,-1
21292,-1
21293,1
21294,1
21295,1
21296,-1
21297,0
21298,1
21299,-1
21300,0
21301,-1
21302,1
21303,-1
21304,0
21305,-1
